tmp/wind-global.json
{"header": {"discipline":0,"disciplineName":"Meteorological products","gribEdition":2,"gribLength":78657,"center":7,"centerName":"US National Weather Service - NCEP(WMC)","subcenter":0,"refTime":"2020-10-14T06:00:00.000Z","significanceOfRT":1,"significanceOfRTName":"Start of forecast","productStatus":0,"productStatusName":"Operational products","productType":1,"productTypeName":"Forecast products","productDefinitionTemplate":0,"productDefinitionTemplateName":"Analysis/forecast at horizontal level/layer at a point in time","parameterCategory":2,"parameterCategoryName":"Momentum","parameterNumber":3,"parameterNumberName":"V-component_of_wind","parameterUnit":"m.s-1","genProcessType":2,"genProcessTypeName":"Forecast","forecastTime":0,"surface1Type":103,"surface1TypeName":"Specified height level above ground","surface1Value":10.0,"surface2Type":255,"surface2TypeName":"Missing","surface2Value":0.0,"gridDefinitionTemplate":0,"gridDefinitionTemplateName":"Latitude_Longitude","numberPoints":65160,"shape":6,"shapeName":"Earth spherical with radius of 6,371,229.0 m","gridUnits":"degrees","resolution":48,"winds":"true","scanMode":0,"nx":360,"ny":181,"basicAngle":0,"lo1":0.0,"la1":90.0,"lo2":359.0,"la2":-90.0,"dx":1.0,"dy":1.0}, "data":
[rows 0 to 25 of 181, columns 116 to 173 of 360]
-2.3943555,-2.3343554,-2.2843554,-2.2243555,-2.1643555,-2.1043556,-2.0443554,-1.9843554,-1.9243555,-1.8643554,-1.8043555,-1.7443554,-1.6743555,-1.6143554,-1.5443555,-1.4843554,-1.4143555,-1.3543555,-1.2843555,-1.2243555,-1.1543555,-1.0843555,-1.0243554,-0.9543555,-0.8843555,-0.8143555,-0.74435544,-0.67435545,-0.61435544,-0.54435545,-0.47435546,-0.40435547,-0.33435547,-0.26435548,-0.19435547,-0.124355465,-0.05435547,0.015644532,0.08564453,0.15564454,0.22564453,0.29564452,0.36564454,0.43564454,0.50564456,0.57564455,0.64564455,0.70564455,0.77564454,0.84564453,0.9156445,0.9856445,1.0456445,1.1156446,1.1856445,1.2556446,1.3156445,1.3856446
-2.5843554,-2.4943554,-2.4043555,-2.3143554,-2.2243555,-2.1343555,-2.0443554,-1.9543555,-1.8543555,-1.7643554,-1.6843555,-1.5843555,-1.5043554,-1.4243555,-1.3343555,-1.2443554,-1.1543555,-1.0743555,-1.0043554,-0.91435546,-0.8343555,-0.74435544,-0.66435546,-0.5843555,-0.49435547,-0.41435546,-0.34435546,-0.25435546,-0.17435546,-0.09435547,-0.004355469,0.07564453,0.14564453,0.22564453,0.29564452,0.36564454,0.43564454,0.51564455,0.59564453,0.6856445,0.75564456,0.83564454,0.89564455,0.9756445,1.0556445,1.1356446,1.2056445,1.2956445,1.3656446,1.4456445,1.5156446,1.5756445,1.6356446,1.6956445,1.7556446,1.8156445,1.8856446,1.9456445
-3.0643554,-2.9143555,-2.7643554,-2.6143556,-2.4643555,-2.3143554,-2.1643555,-2.0143554,-1.8643554,-1.7243555,-1.5743555,-1.4343555,-1.2943555,-1.1543555,-1.0243554,-0.8843555,-0.7543555,-0.6243555,-0.49435547,-0.36435547,-0.23435546,-0.124355465,-0.014355469,0.08564453,0.18564454,0.28564453,0.38564453,0.46564454,0.5556445,0.63564456,0.71564454,0.78564453,0.8556445,0.9156445,0.9756445,1.0256445,1.0756445,1.1256446,1.1656445,1.2156445,1.2656446,1.3056445,1.3756446,1.4356445,1.5056446,1.5756445,1.6456445,1.7156445,1.7756445,1.8156445,1.8456445,1.8556446,1.8656446,1.8556446,1.8356445,1.8156445,1.7856445,1.7756445
-2.6643555,-2.4443555,-2.2443554,-2.0343554,-1.8443555,-1.6343554,-1.4443555,-1.2543554,-1.0543555,-0.85435545,-0.67435545,-0.49435547,-0.30435547,-0.124355465,0.025644531,0.17564453,0.32564452,0.46564454,0.59564453,0.71564454,0.82564455,0.9256445,1.0156446,1.1156446,1.2156445,1.2956445,1.3856446,1.4556445,1.5156446,1.5756445,1.6456445,1.7056445,1.7556446,1.8156445,1.8656446,1.9056445,1.9756446,2.0256445,2.0756445,2.1456444,2.2156446,2.2656446,2.3256445,2.3556445,2.3556445,2.3556445,2.3556445,2.3456445,2.3356445,2.3256445,2.3056445,2.2656446,2.2156446,2.1756446,2.1656446,2.1656446,2.1956446,2.2356446
-2.3943555,-2.1243556,-1.8643554,-1.5943555,-1.3343555,-1.0943555,-0.84435546,-0.6243555,-0.41435546,-0.20435546,-0.03435547,0.13564453,0.30564454,0.43564454,0.58564454,0.69564456,0.8056445,0.9156445,1.0156446,1.1156446,1.2056445,1.2956445,1.3856446,1.4656445,1.5456445,1.6456445,1.7356446,1.8456445,1.9456445,2.0756445,2.2056446,2.3256445,2.4456446,2.5456445,2.6456444,2.7156446,2.7756445,2.8156445,2.8556445,2.8956444,2.9256446,2.9756446,3.0156446,3.0456445,3.0756445,3.0656445,3.0356445,2.9556446,2.8856444,2.7956445,2.7456446,2.7056446,2.6956446,2.6756446,2.6656446,2.6456444,2.6156445,2.5856445
2.7156446,2.8556445,2.9656446,3.0556445,3.1456444,3.2556446,3.3556445,3.4656446,3.5556445,3.6556444,3.7256446,3.7956445,3.7856445,3.7956445,3.7856445,3.7656446,3.7656446,3.8256445,3.8956444,3.9456446,4.0156446,4.0856447,4.1356444,4.0256443,3.9256446,3.9156446,3.9556446,3.9756446,3.9456446,3.9256446,3.9556446,3.9956446,3.9956446,3.9156446,3.8456445,3.7756445,3.7556446,3.6956446,3.6256444,3.5356445,3.4456446,3.3056445,3.1956446,3.1156445,3.0356445,2.9856446,2.9656446,3.0656445,3.1456444,3.1856446,3.1156445,3.1356444,3.1856446,3.2756445,3.3556445,3.4256446,3.4656446,3.3556445
4.9656444,4.8256445,4.6456447,4.5356445,4.4456444,4.3656445,4.3356447,4.4256444,4.5956445,4.7556443,4.8456445,4.9056444,4.9456444,4.9656444,4.9556446,4.9956446,5.1256447,5.3756447,5.7956448,6.2756443,6.7956448,7.2156444,7.4456444,7.4156446,7.2056446,6.8856444,6.6356444,6.5156446,6.4856443,6.4756446,6.4156446,6.3056445,6.1856446,6.0456448,5.9056444,5.7756443,5.6756444,5.5456448,5.4356446,5.3256445,5.1956444,5.0356445,4.8256445,4.6056447,4.4156446,4.2256446,4.0656447,3.9056444,3.7556446,3.6356444,3.5456445,3.4956446,3.5356445,3.6356444,3.6456444,3.5556445,3.3856444,3.2356446
5.4456444,5.4656444,5.5956445,6.0756445,6.3456445,5.9556446,5.3856444,5.0756445,4.8456445,4.6956444,4.8756447,4.9356446,4.0356445,2.8256445,3.1156445,5.0156446,6.2456446,7.2356443,8.405644,9.335645,9.515644,9.515644,9.695644,9.745645,9.665645,9.545645,9.505645,9.495645,9.155644,8.905644,8.425645,7.4456444,6.9156446,6.5756445,6.2056446,5.8656445,5.5756445,5.3356447,5.1456447,5.0256443,4.8956447,4.7756443,4.6656446,4.5356445,4.3756447,4.2556443,4.1156445,3.9856446,3.7756445,3.6256444,3.5156446,3.3956444,3.2956445,3.2056446,3.1356444,3.0556445,2.9856446,2.9256446
4.4756446,4.4156446,4.1356444,3.6856446,3.3356445,3.5456445,3.8156445,3.6756446,3.5756445,3.6556444,3.8756444,4.6356444,7.0456448,9.255645,9.865644,9.935644,10.165645,10.515644,10.785645,10.755645,10.715645,10.775644,10.635645,10.215645,9.8256445,9.525644,9.255645,8.925645,8.535645,8.245645,8.115644,8.105644,8.085645,8.035645,7.5656447,6.4356446,5.7956448,5.3956447,5.1156445,4.8256445,4.4956446,4.2856445,4.1956444,4.2056446,4.2556443,4.2156444,4.1256447,3.9256446,3.7156446,3.4656446,3.2956445,3.2256446,3.1356444,2.9756446,2.7956445,2.6556444,2.5556445,2.4956446
3.1556444,2.7256446,2.2556446,2.0456445,2.4656446,3.1756446,3.0756445,2.7256446,3.9156446,7.3256445,10.125645,10.805645,10.665645,11.055645,11.235644,11.095645,11.035645,10.975644,10.8256445,10.5756445,10.215645,9.715645,9.365644,9.165645,9.055645,9.0756445,9.145644,9.055645,8.835645,8.595645,8.355644,8.085645,7.7956448,7.6256447,7.4456444,7.3156447,7.1756444,7.0056443,6.7456446,6.5256443,5.7256446,4.6956444,4.1856446,3.9756446,3.7656446,3.5956445,3.5056446,3.4456446,3.3456445,3.2056446,3.0556445,2.9456446,2.8456445,2.7756445,2.7156446,2.7156446,2.6856446,2.6556444
1.3656446,1.1756445,1.3056445,1.5556445,1.3856446,1.7856445,3.0456445,6.7056446,10.585645,11.025644,10.935644,11.165645,11.125645,11.165645,11.055645,10.895644,10.435644,9.985644,9.5756445,9.155644,9.065644,9.155644,9.045645,8.895644,8.805645,8.665645,8.235644,7.6656446,7.4656444,7.6356444,7.9656444,8.205645,8.215645,8.045645,7.8656445,7.7156444,7.3256445,6.9956446,6.8256445,6.7156444,6.6056447,6.5356445,6.3456445,5.9856443,5.4856443,4.9756446,4.0756445,3.2456446,3.1956446,3.1056445,2.9156446,2.7156446,2.5056446,2.3356445,2.2056446,2.2256446,2.3556445,2.2956445
0.24564452,0.06564453,-0.6943555,-1.1643555,-0.45435548,0.65564454,9.235644,11.285645,11.045645,10.865644,10.975644,10.955645,10.535645,10.045645,9.855644,9.475644,8.645644,8.155644,8.235644,8.525644,8.615644,8.395644,7.7756443,7.2156444,6.8056445,6.6956444,6.6556444,6.7056446,6.9256444,7.0356445,6.9256444,6.6956444,6.5456448,6.5356445,6.3456445,6.0656447,5.8256445,5.7156444,6.1256447,6.6256447,7.0056443,7.0056443,6.7156444,6.4256444,5.8156447,5.3056445,4.5456448,3.6256444,3.3556445,2.9956446,2.8056445,2.6856446,2.3756444,2.2056446,2.1156445,2.0356445,2.0356445,2.2756445
-0.59435546,-0.55435544,-2.1243556,-3.9243555,-3.5643554,8.005645,8.965645,9.875645,10.195644,10.215645,10.215645,9.875645,9.275644,8.695644,8.125645,7.1556444,6.2256446,6.7356443,6.9956446,8.115644,7.9856443,6.7856445,5.9756446,5.2956448,5.0656447,4.9156446,4.5156446,4.7256446,5.6556444,5.7156444,5.6756444,5.5056443,5.4856443,5.6656446,5.9256444,6.3256445,6.6756444,7.0556445,7.4056444,7.7456446,8.035645,8.115644,8.015644,7.6456447,7.0956445,6.7056446,6.5256443,6.4456444,6.0756445,5.5456448,4.9256444,4.3356447,3.6656446,3.2556446,3.2056446,2.6356444,2.3556445,2.1156445
-1.8143555,-2.6643555,-3.6443555,-3.9343555,-0.38435546,5.4256444,6.4756446,8.275644,9.225644,9.205645,9.085645,8.5756445,7.7956448,7.0456448,6.4256444,5.3056445,4.3356447,3.8756444,5.6756444,5.7456446,5.2156444,4.5156446,4.0356445,3.7056446,3.6656446,3.2056446,3.5156446,4.2256446,3.6956446,4.0156446,4.4856443,5.3156447,6.1956444,6.5256443,6.4156446,6.5456448,6.8756447,7.2456446,7.4556446,7.5656447,7.5956445,7.5756445,7.5956445,7.5456448,7.2256446,6.9856443,6.8756447,6.6756444,6.3656445,6.1256447,5.7856445,5.3156447,5.0656447,4.8356447,4.7456446,4.2556443,3.6856446,3.1656446
-2.7843554,-3.4943554,-3.8543556,-4.6043553,1.1656445,4.4556446,6.2456446,7.2056446,8.025644,8.485644,7.7756443,7.3956447,6.5756445,5.6556444,4.6056447,2.9156446,1.1456445,1.2356446,1.9656445,2.6356444,2.7356446,2.6156445,1.0956445,1.0756445,1.3956445,1.6556445,2.6956446,3.8556445,4.4356446,4.8656445,5.3956447,5.9656444,6.2156444,6.4156446,6.7356443,6.9056444,7.0556445,7.1456447,7.1356444,7.1156445,7.2856445,7.4756446,7.4756446,7.5256443,7.5856447,7.4356446,7.2156444,7.0956445,6.9556446,6.9956446,7.0356445,6.7756443,6.2956448,5.9656444,5.5856447,5.0656447,4.6456447,4.1456447
0.51564455,-2.1043556,-3.2843554,-2.5843554,2.1956446,4.8056445,5.6256447,6.1556444,6.0856447,7.0556445,5.7956448,5.5656447,5.0856447,4.0056443,2.4556446,0.045644533,-2.5943556,-2.1243556,0.16564453,-0.20435546,-0.6343555,-1.0843555,-0.44435546,0.44564453,1.1556445,1.8356445,1.9856446,2.6356444,3.8456445,4.1856446,4.2356443,3.2756445,2.3156445,3.0456445,3.8756444,5.4256444,6.4956446,6.7456446,6.9156446,7.0156446,7.0756445,7.1656446,7.3156447,7.3956447,7.7456446,7.8756447,7.6756444,7.5056443,7.5456448,7.5256443,7.2056446,6.8456445,6.5756445,6.1956444,5.6356444,5.0856447,4.6956444,4.3156447
1.0156446,0.27564454,-0.6243555,-0.6843555,-1.1543555,5.1856446,4.4156446,4.0956445,5.2256446,4.6656446,3.7656446,3.2556446,3.4056444,2.3256445,0.8556445,-1.1843555,-3.6543555,-5.3343554,-4.3443556,-1.2043555,-1.5943555,-0.41435546,0.69564456,1.8256445,1.7656446,0.83564454,1.8556446,0.9756445,1.9756446,2.7556446,3.0856445,3.2656446,3.6256444,4.0056443,4.2556443,4.4056444,4.7556443,5.2556443,5.7056446,6.1056447,6.3956447,6.8056445,7.1656446,7.3856444,7.5756445,7.8356447,7.8756447,7.7956448,7.7456446,7.5656447,7.4356446,7.1356444,6.7756443,6.4556446,5.8656445,5.3756447,5.0256443,4.5856447
0.95564455,0.82564455,1.5156446,1.8056445,2.1156445,2.7956445,4.1056447,2.6956446,2.0356445,1.9856446,1.8656446,1.6756445,1.2056445,0.13564453,-0.74435544,-2.3543556,-4.3143554,-6.1343555,-6.5243554,-2.7443554,-2.1743555,-1.1143554,-0.28435546,-0.13435547,0.82564455,1.0256445,0.47564453,-0.084355466,0.50564456,1.4256445,2.3056445,2.7256446,3.0656445,3.2656446,3.4156446,3.4156446,3.7956445,4.4356446,4.4756446,4.6056447,5.0556445,5.9656444,6.8956447,7.3856444,7.7656446,7.6856446,7.6556444,7.5156446,7.3656445,7.2856445,7.2256446,7.1056447,6.8556447,6.6256447,5.9656444,5.5656447,5.1756444,4.7656446
1.0856445,0.6756445,0.34564453,0.32564452,0.34564453,1.5056446,2.5556445,2.1556444,1.3856446,1.3056445,1.2856445,1.6156446,1.1356446,-0.54435545,-1.6943555,-3.5343554,-5.4743557,-6.7843556,-6.7443557,-3.5243554,-2.7843554,-1.9843554,-1.9443555,-0.55435544,-0.35435545,-0.32435548,-1.2243555,-1.2643554,-0.97435546,-0.5243555,0.32564452,0.51564455,0.69564456,0.8656445,1.3756446,3.0056446,3.4756446,3.9656446,4.6856446,5.4356446,6.0456448,6.0956445,5.9656444,6.0056443,5.4656444,5.8856444,6.6156445,7.1856446,7.2356443,7.4556446,7.3656445,7.0656447,6.8456445,6.5256443,6.0356445,5.7456446,5.6056447,5.3556447
1.0356445,0.41564453,0.19564453,0.47564453,1.8056445,2.2156446,1.7056445,0.24564452,-0.41435546,0.36564454,-0.18435547,-0.07435547,-0.37435547,0.22564453,0.9956445,-1.5843555,-2.6743555,-2.7343554,-1.5043554,-1.3643554,0.32564452,0.44564453,0.6756445,0.46564454,0.12564453,-0.20435546,-0.7743555,-1.0943555,-1.3943554,-1.4143555,-1.1843555,-0.8243555,-0.33435547,-0.13435547,0.30564454,0.18564454,0.64564455,2.4556446,2.6756446,2.6656446,2.5856445,2.9956446,3.1256444,3.6656446,5.5156446,4.7656446,5.1756444,5.5556445,5.9656444,6.0056443,6.5556445,7.0556445,6.5456448,6.5256443,6.0656447,5.6556444,5.5056443,5.1556444
0.53564453,1.2556446,1.7556446,1.1656445,0.34564453,-0.44435546,-0.61435544,-0.20435546,-0.9443555,-1.4743555,-1.6943555,-0.5643555,-0.15435547,0.19564453,0.6856445,-0.5143555,-1.4843554,-1.4443555,-1.8043555,-2.0243554,-0.45435548,0.11564453,0.15564454,-0.23435546,-0.5243555,-1.1743555,-1.1943555,-2.0243554,-2.5543554,-2.2843554,-1.9443555,-2.1843555,-1.3543555,-1.7143555,-1.2743554,0.31564453,0.84564453,0.8756445,1.2156445,2.2556446,2.2456446,2.4056444,3.1356444,4.1356444,5.0456448,6.1556444,4.4956446,4.8456445,7.0956445,5.7356443,5.6056447,6.4856443,6.0656447,7.5456448,6.1656446,1.6756445,3.4456446,4.8556447
0.59564453,1.0556445,1.0856445,0.20564453,-0.8943555,-0.8743555,-1.3343555,-1.2843555,-1.8343555,-2.9843554,-2.0243554,-1.2943555,-0.49435547,-0.004355469,-0.78435546,-1.5743555,-1.3243555,-2.3543556,-1.8943554,-2.1743555,-1.9143555,-2.3743556,-0.65435547,-0.99435544,-0.49435547,-0.25435546,-0.37435547,-1.9243555,-2.9643555,-2.3743556,-2.9443555,-2.8843555,-2.5843554,-1.4343555,-2.1643555,2.8856444,2.4156446,1.6956445,2.6956446,2.7956445,3.5156446,3.4056444,3.5856445,4.0256443,5.0956445,5.4556446,0.57564455,1.4756446,1.8856446,4.2556443,3.4956446,3.4556446,3.6856446,3.1256444,6.7456446,4.8356447,0.75564456,1.1856445
1.1756445,0.51564455,-0.36435547,-0.53435546,-0.43435547,-0.74435544,-2.0943556,-2.7843554,-4.8343554,-5.7043552,-1.0243554,-0.27435547,0.31564453,-0.9343555,-1.5143554,-4.4643555,-2.3743556,-2.8743556,-3.5043554,-3.6543555,-5.1743555,-3.6143556,-1.0543555,-0.7043555,0.9356445,0.30564454,-0.9343555,-2.3243554,-2.3543556,-2.5743554,-1.9843554,-1.3643554,-0.7643555,-1.4143555,-0.96435547,-1.4143555,0.32564452,2.2156446,2.9356446,4.3756447,3.3656445,2.9456446,2.9556446,3.0256445,3.2656446,3.9356446,2.2356446,0.41564453,0.38564453,0.50564456,-0.124355465,0.9856445,2.9756446,2.8256445,1.8956445,2.4456446,3.7556446,1.6256446
-0.27435547,-0.7643555,-1.5943555,-1.4043555,-2.5143554,-2.2443554,-2.8943555,-4.7043552,-6.7043552,-5.1443553,-2.0143554,0.30564454,0.21564454,-0.42435548,-1.7043555,-2.5743554,-2.3543556,-2.6643555,-3.9043555,-1.6143554,-1.4143555,-1.7843555,-1.4043555,-1.6843555,-0.5243555,-1.7643554,-0.23435546,-1.4743555,-0.74435544,-1.1043555,-2.4343555,-2.9543555,-1.3343555,-0.5643555,0.47564453,-0.044355467,0.12564453,2.0356445,2.2656446,1.4956446,1.3856446,1.6856445,0.8656445,1.0256445,0.51564455,-0.41435546,1.2856445,-0.8243555,-1.1043555,0.7456445,0.8156445,2.2256446,2.7256446,1.3356445,1.9556445,2.4356446,2.2656446,0.9856445
-1.0643555,-1.6143554,-1.3243555,-1.6343554,-1.5543555,-2.6243556,-4.6743555,-6.6043553,-7.6143556,-4.9843554,-0.85435545,-1.2843555,-1.7943555,-3.1843555,-3.0443554,-4.2943554,-4.6443553,-3.7243555,-3.4043555,-4.8243556,-4.6143556,-3.4243555,-2.0243554,-1.3843554,-1.3843554,-0.8243555,-1.6443554,-1.3843554,-0.8943555,-0.06435547,-0.38435546,0.14564453,-1.3843554,-3.3543556,-4.0543556,-2.5743554,1.2656446,2.2056446,0.96564454,2.8856444,3.1956446,1.2756445,1.9556445,2.1156445,1.7056445,1.4656445,3.3356445,3.9656446,5.0756445,3.2256446,2.7956445,1.0756445,1.4656445,1.3756446,1.5556445,1.3956445,1.5456445,0.83564454
-0.90435547,-1.0343555,-1.4843554,-1.6243554,-1.8343555,-2.3043554,-3.2343554,-6.8943553,-6.4143553,-9.1743555,-3.8443556,-2.8743556,-2.2443554,-2.1143556,-3.7343554,-5.5743556,-4.3243556,-2.3043554,-1.8043555,-1.9143555,-4.1943555,-3.8543556,-3.5543554,-1.7243555,-0.39435548,-2.8143554,-3.1343555,-2.9243555,-0.5143555,0.08564453,-0.13435547,2.8956444,-0.24435547,1.1256446,-2.7343554,4.4456444,1.9856446,1.3056445,0.6756445,1.2856445,0.64564455,-0.21435547,0.015644532,1.1756445,4.5056443,2.3256445,2.5656445,2.2356446,3.0056446,1.4356445,0.89564455,0.90564454,2.3056445,2.1256444,-0.48435548,-0.84435546,-0.05435547,0.25564453
