tmp/wind-global.json
{"header": { "discipline": 0, "disciplineName": "Meteorological products", "gribEdition": 2, "gribLength": 77633, "center": 7, "centerName": "US National Weather Service - NCEP(WMC)", "subcenter": 0, "refTime": "2020-10-20T00:00:00.000Z", "significanceOfRT": 1, "significanceOfRTName": "Start of forecast", "productStatus": 0, "productStatusName": "Operational products", "productType": 1, "productTypeName": "Forecast products", "productDefinitionTemplate": 0, "productDefinitionTemplateName": "Analysis/forecast at horizontal level/layer at a point in time", "parameterCategory": 2, "parameterCategoryName": "Momentum", "parameterNumber": 2, "parameterNumberName": "U-component_of_wind", "parameterUnit": "m.s-1", "genProcessType": 2, "genProcessTypeName": "Forecast", "forecastTime": 0, "surface1Type": 103, "surface1TypeName": "Specified height level above ground", "surface1Value": 10.0, "surface2Type": 255, "surface2TypeName": "Missing", "surface2Value": 0.0, "gridDefinitionTemplate": 0, "gridDefinitionTemplateName": "Latitude_Longitude", "numberPoints": 65160, "shape": 6, "shapeName": "Earth spherical with radius of 6,371,229.0 m", "gridUnits": "degrees", "resolution": 48, "winds": "true", "scanMode": 0, "nx": 360, "ny": 181, "basicAngle": 0, "lo1": 0.0, "la1": 90.0, "lo2": 359.0, "la2": -90.0, "dx": 1.0, "dy": 1.0 }, "data":
[rows 0 to 25 of 181, columns 59 to 117 of 360]
5.289121,5.279121,5.269121,5.259121,5.249121,5.239121,5.219121,5.199121,5.1891212,5.1691213,5.139121,5.119121,5.099121,5.069121,5.039121,5.009121,4.979121,4.949121,4.909121,4.8791213,4.839121,4.799121,4.759121,4.719121,4.679121,4.639121,4.589121,4.539121,4.489121,4.4391212,4.389121,4.339121,4.289121,4.229121,4.179121,4.119121,4.059121,3.9991212,3.939121,3.879121,3.8091211,3.7491212,3.679121,3.609121,3.5491211,3.4791212,3.409121,3.329121,3.2591212,3.189121,3.109121,3.0391212,2.959121,2.889121,2.8091211,2.7291212,2.649121,2.5691211,2.4891212
5.809121,5.829121,5.849121,5.8591213,5.839121,5.829121,5.799121,5.779121,5.749121,5.719121,5.6891212,5.639121,5.599121,5.549121,5.489121,5.4391212,5.369121,5.309121,5.209121,5.099121,4.989121,4.869121,4.759121,4.639121,4.529121,4.409121,4.329121,4.239121,4.1491213,4.059121,3.969121,3.869121,3.7791212,3.689121,3.619121,3.5391212,3.459121,3.379121,3.2991211,3.219121,3.139121,3.0591211,2.969121,2.889121,2.7991211,2.709121,2.609121,2.5091212,2.409121,2.2891212,2.169121,2.0491211,1.9291211,1.8091211,1.6891211,1.5691211,1.4491211,1.3591211,1.2591211
5.139121,5.209121,5.259121,5.309121,5.349121,5.3591213,5.3591213,5.3591213,5.349121,5.309121,5.269121,5.229121,5.179121,5.119121,5.059121,4.989121,4.909121,4.829121,4.739121,4.659121,4.6091213,4.569121,4.529121,4.479121,4.3991213,4.319121,4.229121,4.119121,3.9891212,3.849121,3.719121,3.599121,3.4991212,3.399121,3.2891212,3.209121,3.129121,3.0391212,2.939121,2.829121,2.699121,2.579121,2.459121,2.339121,2.2291212,2.099121,1.9691211,1.8191211,1.659121,1.5091211,1.3591211,1.2191211,1.0791211,0.9291211,0.7891211,0.6491211,0.4991211,0.3491211,0.2191211
4.119121,4.219121,4.309121,4.389121,4.459121,4.499121,4.4191213,4.349121,4.269121,4.1891212,4.1291213,4.1091213,4.079121,4.059121,4.049121,4.029121,3.9991212,3.959121,3.889121,3.7891212,3.709121,3.619121,3.5391212,3.5091212,3.4791212,3.449121,3.419121,3.389121,3.2991211,3.199121,3.089121,2.949121,2.7991211,2.679121,2.5691211,2.4791212,2.429121,2.379121,2.329121,2.2691212,2.209121,2.089121,1.9591211,1.8091211,1.6291211,1.4491211,1.2591211,1.0791211,0.9091211,0.7791211,0.6391211,0.4991211,0.3491211,0.17912109,0.019121094,-0.1808789,-0.3708789,-0.5408789,-0.7108789
2.719121,2.719121,2.719121,2.7291212,2.7291212,2.7391212,2.7591212,2.7891212,2.849121,2.909121,2.959121,2.9891212,2.9991212,2.9891212,2.949121,2.919121,2.889121,2.859121,2.839121,2.8091211,2.7591212,2.7291212,2.689121,2.649121,2.599121,2.5691211,2.5191212,2.469121,2.369121,2.2491212,2.149121,2.0691211,1.9491211,1.8191211,1.7091211,1.6091211,1.5991211,1.5891211,1.5091211,1.399121,1.2391211,1.0691211,0.93912107,0.8291211,0.7291211,0.6091211,0.4491211,0.2791211,0.099121094,-0.07087891,-0.21087891,-0.3108789,-0.39087892,-0.4608789,-0.5308789,-0.6108789,-0.6908789,-0.75087893,-0.8008789
0.5291211,0.5091211,0.5091211,0.5591211,0.6491211,0.8291211,0.99912107,1.149121,1.2191211,1.269121,1.279121,1.2891212,1.3191211,1.3791211,1.4891211,1.5691211,1.6191211,1.6091211,1.5891211,1.5591211,1.5091211,1.4891211,1.4891211,1.4891211,1.4491211,1.399121,1.3791211,1.3291211,1.2491211,1.0991211,0.9591211,0.8691211,0.8691211,0.8291211,0.7691211,0.7291211,0.68912107,0.62912107,0.5291211,0.4591211,0.3691211,0.2891211,0.19912109,0.1191211,0.019121094,-0.050878905,-0.090878904,-0.080878906,-0.060878906,-0.090878904,-0.1808789,-0.3408789,-0.5308789,-0.7008789,-0.7608789,-0.8008789,-0.8808789,-1.090879,-1.340879
-1.1208789,-0.9008789,-0.7308789,-0.6408789,-0.6408789,-0.6408789,-0.5508789,-0.42087892,-0.3308789,-0.4408789,-0.50087893,-0.5108789,-0.4908789,-0.48087892,-0.4008789,-0.3408789,-0.2008789,-8.789062e-4,0.1191211,0.1591211,0.1391211,0.1291211,0.14912109,0.19912109,0.1891211,0.1191211,0.009121094,-0.13087891,-0.26087892,-0.3108789,-0.3008789,-0.2808789,-0.21087891,-0.120878905,-0.11087891,-0.1408789,-0.16087891,-0.1808789,-0.1808789,-0.1808789,-0.21087891,-0.2508789,-0.3008789,-0.3708789,-0.4908789,-0.6608789,-0.8808789,-1.0708789,-1.1808789,-1.1808789,-1.0208789,-0.87087893,-0.8308789,-0.8908789,-0.9708789,-1.0808789,-1.2008789,-1.3708789,-1.6908789
-1.730879,-1.840879,-1.9408789,-2.1908789,-2.2708788,-2.2608788,-2.380879,-2.660879,-2.920879,-2.9808788,-3.090879,-3.330879,-3.0208788,-3.070879,-3.150879,-3.150879,-2.890879,-2.6808789,-2.540879,-2.4308789,-2.390879,-2.350879,-2.2408788,-2.2008789,-2.2108788,-2.110879,-2.070879,-2.060879,-1.9608788,-1.850879,-1.8008789,-1.7108788,-1.6708789,-1.5408789,-1.3908789,-1.2408789,-1.090879,-1.0008789,-1.0008789,-1.0408789,-1.1308789,-1.1608789,-1.1808789,-1.2108788,-1.2608789,-1.2908789,-1.360879,-1.4008789,-1.4308789,-1.5308789,-1.5708789,-1.730879,-1.9208789,-2.160879,-2.340879,-2.5008788,-2.530879,-2.4708788,-2.5108788
-4.1008787,-4.150879,-4.3108788,-4.6208787,-4.880879,-5.020879,-5.190879,-5.400879,-5.630879,-5.8108788,-5.840879,-5.770879,-5.770879,-5.8108788,-5.8308787,-5.770879,-5.700879,-5.610879,-5.6208787,-5.700879,-5.760879,-5.730879,-5.610879,-5.480879,-5.410879,-5.380879,-5.320879,-5.280879,-5.260879,-5.230879,-5.210879,-5.220879,-5.220879,-5.170879,-5.110879,-5.050879,-4.8308787,-4.500879,-4.190879,-3.900879,-3.590879,-3.2708788,-2.890879,-2.560879,-2.310879,-2.2108788,-2.2008789,-2.130879,-2.090879,-2.2208788,-2.360879,-2.4708788,-2.560879,-2.640879,-2.7508788,-3.0108788,-3.330879,-3.540879,-3.840879
-3.530879,-4.380879,-4.3108788,-4.5808787,-4.630879,-3.640879,-3.4808788,-4.5808787,-4.960879,-5.460879,-5.660879,-5.8708787,-5.960879,-5.990879,-5.980879,-5.930879,-6.000879,-6.1208787,-6.210879,-6.240879,-6.280879,-6.300879,-6.280879,-6.200879,-6.130879,-6.0608788,-6.0608788,-6.090879,-6.070879,-6.030879,-5.900879,-5.910879,-6.010879,-6.210879,-5.980879,-4.940879,-3.2508788,-2.350879,-3.1808789,-3.320879,-3.360879,-3.4608788,-3.5208788,-3.5108788,-3.590879,-3.530879,-3.530879,-3.5208788,-3.610879,-3.610879,-3.620879,-3.790879,-4.070879,-4.400879,-4.720879,-4.880879,-4.860879,-4.8308787,-4.8308787
-5.780879,-6.1208787,-6.3108788,-6.210879,-6.170879,-6.1008787,-6.010879,-5.930879,-5.700879,-5.550879,-5.730879,-5.930879,-6.0608788,-6.170879,-6.320879,-6.410879,-6.380879,-6.290879,-6.210879,-6.230879,-6.200879,-6.160879,-6.180879,-6.290879,-6.340879,-6.3308787,-6.300879,-6.3108788,-6.220879,-5.780879,-5.170879,-4.440879,-3.5208788,-2.7708788,-1.9308789,-2.580879,-3.080879,-3.910879,-4.880879,-3.2008789,-2.910879,-2.320879,-3.2508788,-3.810879,-4.180879,-4.3708787,-4.450879,-4.5808787,-4.790879,-5.010879,-5.260879,-5.380879,-5.430879,-5.490879,-5.6008787,-5.670879,-5.670879,-5.700879,-5.750879
-6.730879,-6.740879,-6.690879,-6.820879,-6.8508787,-6.8108788,-6.740879,-6.680879,-6.650879,-6.570879,-6.480879,-6.470879,-6.490879,-6.530879,-6.590879,-6.700879,-6.790879,-6.720879,-6.6208787,-6.440879,-6.240879,-6.0808787,-5.960879,-6.010879,-6.110879,-6.160879,-6.280879,-6.240879,-5.990879,-5.700879,-5.3908787,-4.8908787,-3.9308789,-2.550879,-0.7808789,-1.2708789,-2.7108788,-1.9908789,-1.1308789,-3.330879,-8.0908785,-5.050879,-5.700879,-3.0108788,-2.580879,-2.2108788,-3.160879,-3.800879,-4.690879,-5.280879,-5.630879,-5.840879,-5.920879,-5.940879,-6.0608788,-6.1408787,-6.130879,-6.240879,-6.3708787
-7.3308787,-7.380879,-7.270879,-7.200879,-7.3908787,-7.440879,-7.400879,-7.510879,-7.430879,-7.380879,-7.270879,-7.210879,-7.250879,-7.360879,-7.410879,-7.380879,-7.3508787,-7.230879,-7.040879,-6.920879,-7.050879,-7.3108788,-7.130879,-6.630879,-6.200879,-5.960879,-5.940879,-5.880879,-5.910879,-6.260879,-6.6008787,-6.700879,-6.960879,-7.450879,-7.570879,-7.670879,-7.930879,-8.100879,-7.590879,-6.410879,-4.790879,-2.9708788,-3.330879,-5.920879,-7.530879,-7.820879,-6.780879,-6.3108788,-6.280879,-6.260879,-6.240879,-6.300879,-6.340879,-6.280879,-6.300879,-6.410879,-6.500879,-6.5608788,-6.6408787
-8.070879,-8.000879,-8.0908785,-8.130878,-7.920879,-7.790879,-7.760879,-8.100879,-7.460879,-6.990879,-6.910879,-6.970879,-6.970879,-6.980879,-6.900879,-6.930879,-7.050879,-7.410879,-7.860879,-8.120879,-8.330879,-8.450879,-8.380878,-8.250879,-8.110879,-7.860879,-7.5608788,-7.290879,-6.970879,-6.550879,-6.220879,-5.900879,-5.630879,-5.550879,-5.660879,-5.960879,-6.480879,-6.960879,-7.3508787,-7.460879,-7.380879,-7.250879,-6.3108788,-2.9708788,-2.7508788,-1.6908789,-3.610879,-4.520879,-4.170879,-4.910879,-4.720879,-4.5808787,-4.3708787,-4.250879,-4.3508787,-4.610879,-5.000879,-5.340879,-5.500879
-8.250879,-6.010879,-3.2508788,-2.810879,-1.2008789,-2.290879,-3.2708788,-3.9508789,-6.800879,-9.000879,-8.790879,-8.580879,-8.470879,-8.3408785,-8.240879,-8.230879,-8.160879,-8.270879,-8.450879,-8.570879,-8.680879,-8.750879,-8.830879,-8.760879,-8.540879,-8.220879,-7.930879,-7.840879,-7.520879,-7.190879,-7.180879,-7.130879,-6.680879,-6.380879,-5.8908787,-3.6808789,-2.650879,-4.360879,-4.700879,-3.9308789,-2.7108788,-2.580879,-2.610879,-2.330879,-1.6808789,-1.4908789,-2.120879,-1.9308789,-1.9608788,-0.50087893,-0.5408789,-0.3108789,0.029121093,-0.6408789,-0.8408789,-2.7108788,-3.860879,-4.440879,-4.5808787
-4.130879,-3.4308789,-8.230879,-10.080879,-10.350879,-10.550879,-10.650879,-10.570879,-10.430879,-10.380878,-10.410879,-10.260879,-9.960879,-9.450879,-9.220879,-9.030879,-9.070879,-9.210879,-9.220879,-8.940879,-8.5908785,-8.170879,-7.6408787,-7.130879,-6.820879,-6.690879,-6.510879,-6.280879,-5.3508787,-3.570879,-3.340879,-2.7108788,-3.550879,-3.2008789,-2.810879,-2.050879,-1.6308789,-1.5108789,-1.850879,-1.6908789,-1.1608789,0.1191211,-1.5708789,-1.0408789,0.1391211,0.68912107,-1.1808789,-0.3608789,-0.5908789,0.7391211,-0.120878905,-1.0708789,-1.0408789,-1.1908789,-2.7508788,-3.860879,-3.4908788,-3.4408789,-3.400879
-10.0908785,-10.520879,-10.710879,-11.140879,-11.500879,-11.630878,-11.570879,-11.380878,-11.210879,-11.130878,-10.850879,-10.660879,-10.600879,-10.600879,-10.270879,-10.080879,-9.880878,-9.570879,-9.130878,-8.870879,-8.660879,-8.490879,-8.240879,-8.080879,-8.030879,-7.880879,-7.510879,-6.520879,-4.800879,-3.370879,-3.100879,-1.7008789,-1.6308789,-1.860879,-1.860879,-1.2108788,-1.5008789,-0.040878907,-0.090878904,-0.5908789,-0.5108789,-0.24087891,-0.5208789,-0.56087893,-0.4608789,0.059121095,0.1891211,-0.5908789,-0.7808789,0.1591211,0.22912109,-0.48087892,-2.160879,-1.8308789,-1.8108789,-2.570879,-2.560879,-2.6908789,-3.4308789
-10.510879,-10.810879,-10.990879,-11.190879,-11.400879,-11.250879,-11.320879,-11.450879,-11.270879,-11.100879,-11.010879,-10.130878,-10.290879,-10.740879,-10.720879,-10.570879,-10.540879,-10.230879,-9.800879,-9.200879,-7.210879,-8.190879,-3.900879,-6.110879,-4.170879,-3.5108788,-3.2608788,-4.180879,-4.380879,-4.3108788,-4.880879,-4.5608788,-3.9508789,-3.550879,-3.040879,-2.870879,-2.610879,-2.6908789,-3.0208788,-2.120879,-2.060879,-1.8808789,-1.7008789,-1.1808789,-1.110879,-1.110879,-0.9708789,-0.7908789,-0.3708789,-0.3608789,-0.090878904,0.4491211,0.4191211,0.3791211,0.3891211,0.48912108,-0.3508789,-0.6308789,-0.3708789
-9.250879,-9.820879,-10.050879,-10.260879,-10.390879,-11.000879,-11.270879,-10.830879,-9.950879,-8.820879,-3.9508789,-4.130879,-3.800879,-4.970879,-7.450879,-6.470879,-3.7408788,-5.3308787,-5.040879,-4.300879,-2.830879,-3.060879,-5.980879,-6.420879,-4.3308787,-3.2308788,-2.9808788,-3.120879,-2.910879,-2.7108788,-2.570879,-2.360879,-2.380879,-1.360879,-1.5608789,-1.9308789,-1.730879,-1.1708789,-1.2408789,-1.1608789,-1.090879,-1.220879,-0.7608789,0.1591211,0.5391211,0.4091211,0.5891211,0.6191211,0.2891211,0.48912108,1.0791211,1.3691211,1.7591211,0.9691211,1.399121,2.169121,2.189121,0.8891211,0.3891211
-6.410879,-6.910879,-7.050879,-7.590879,-7.970879,-8.170879,-8.5908785,-7.8908787,-4.430879,-3.2008789,-3.290879,-3.900879,-4.230879,-4.1408787,-6.840879,-4.6208787,-3.560879,-3.380879,-3.2008789,-3.800879,-2.790879,-2.570879,-1.7608789,-0.120878905,-1.2408789,-1.360879,-0.7208789,-0.3608789,0.2791211,0.4691211,0.4391211,0.5491211,0.4491211,0.099121094,0.8591211,1.019121,0.8591211,0.8591211,1.0991211,1.6291211,1.889121,1.7191211,1.0791211,0.099121094,-0.3008789,-0.56087893,-0.9208789,-0.2008789,0.48912108,0.8591211,1.0391212,1.409121,1.7491211,1.6891211,1.649121,1.7491211,2.219121,3.0591211,3.8191211
-0.7408789,-2.550879,-2.9908788,-2.4808788,-3.900879,-5.610879,-5.710879,-5.3908787,-5.210879,-2.670879,-2.670879,-2.140879,-1.7708789,-0.5108789,-0.060878906,-2.170879,-0.9108789,0.049121093,0.5391211,0.74912107,0.089121096,0.2591211,0.2091211,-8.789062e-4,0.1891211,-0.2508789,-0.120878905,-0.48087892,0.22912109,1.5991211,0.74912107,0.29912108,0.62912107,0.2891211,0.059121095,0.1591211,-0.8008789,0.099121094,-0.11087891,0.099121094,0.32912108,0.7791211,0.6791211,0.4691211,0.099121094,-0.7308789,-0.87087893,-0.8908789,-0.9808789,-0.87087893,-1.2708789,1.2091211,0.9291211,1.029121,1.7891212,1.2991211,2.099121,2.189121,2.8191211
-1.2008789,-0.5708789,0.5191211,1.7091211,3.209121,3.439121,3.879121,6.159121,8.589121,8.189121,1.6991211,1.5991211,2.389121,1.7991211,3.7691212,3.199121,1.9491211,0.7691211,1.9291211,0.4091211,0.6991211,0.99912107,0.7091211,1.4691211,2.0291212,1.4691211,0.74912107,-0.120878905,-0.24087891,0.6391211,-0.62087893,-0.3308789,0.4291211,0.9591211,1.3091211,0.2891211,-0.5108789,-0.5308789,-0.9208789,-1.1608789,0.62912107,1.0891211,1.4691211,1.139121,1.2191211,1.5691211,-0.040878907,-0.7108789,-1.2108788,-1.2608789,-1.1508789,-2.030879,-1.0308789,-0.7408789,-0.3408789,-0.3408789,0.10912109,0.2091211,0.3791211
1.6691211,1.769121,1.8791211,2.669121,1.5691211,1.529121,0.6191211,0.8591211,2.339121,1.6991211,1.3091211,1.149121,2.099121,1.0091211,1.529121,2.9891212,-0.9708789,-0.3808789,0.5291211,-0.62087893,-0.9108789,-0.8008789,-0.4608789,0.1891211,-8.789062e-4,0.4191211,0.9091211,0.4791211,0.4491211,1.4291211,0.74912107,0.8391211,0.8691211,1.0791211,1.5691211,2.3191211,1.4191211,0.5391211,-0.8608789,-0.1708789,-0.16087891,-0.3708789,1.149121,0.26912108,-1.1808789,-0.080878906,-0.8908789,-1.600879,-1.6608789,-2.110879,-2.4908788,-2.910879,-2.0208788,-1.1908789,-1.3708789,-1.0208789,-0.62087893,-0.4108789,-0.8408789
-0.5408789,-0.2208789,-0.020878905,-0.040878907,0.049121093,0.049121093,-0.42087892,1.2491211,0.8691211,1.8391211,1.5791211,0.7391211,0.4191211,0.8691211,-1.3308789,-1.4308789,-1.350879,-1.3108789,-1.4508789,-1.7108788,-2.0008788,-2.1908789,-2.4508789,-2.2608788,-1.7108788,-1.0108789,-0.6108789,-0.2208789,-0.9208789,-1.0308789,0.3391211,0.5991211,0.4491211,0.8691211,1.5391212,1.4791211,1.5091211,1.0091211,0.7891211,0.3091211,-0.2508789,-0.2908789,-0.4408789,1.7491211,2.0191212,1.4991211,0.2191211,-0.5408789,0.07912109,-0.7808789,-1.220879,-1.0708789,-2.050879,-2.4908788,-2.7208788,-3.100879,-2.1808789,-2.2608788,-3.0108788
-1.4608788,-2.050879,-1.0008789,-0.6508789,0.06912109,0.16912109,0.6591211,0.17912109,-0.19087891,-0.6408789,-0.9308789,-1.1808789,-1.3708789,-1.230879,-1.9208789,-2.360879,-2.420879,-2.7008789,-2.9608788,-2.7308788,-2.900879,-3.150879,-3.2108788,-3.050879,-3.070879,-2.7308788,-2.290879,-1.3908789,-0.9808789,-0.7308789,-0.16087891,1.0991211,1.7091211,1.279121,0.62912107,2.109121,1.3291211,1.4591211,1.4791211,0.87912107,0.8291211,0.6091211,0.07912109,0.7591211,1.909121,3.4791212,3.4891212,1.3391211,0.99912107,0.19912109,1.0591211,1.9991211,1.6891211,1.9191211,0.9191211,-8.789062e-4,-0.8408789,-1.5808789,-2.080879
-0.9908789,-0.50087893,0.26912108,-0.1508789,0.2191211,0.48912108,0.29912108,0.9291211,0.62912107,0.2391211,0.17912109,-0.3208789,-1.0408789,-1.0808789,-1.5808789,-2.2608788,-2.830879,-3.2408788,-3.660879,-4.020879,-4.190879,-4.030879,-4.0808787,-4.050879,-4.110879,-3.170879,-2.920879,-2.310879,-2.030879,-1.6708789,-0.50087893,0.87912107,0.7391211,2.169121,1.3291211,1.8491211,2.0191212,1.5791211,1.7091211,2.349121,1.5891211,1.6691211,1.5091211,1.3091211,1.529121,1.4291211,0.5991211,0.93912107,0.7591211,0.9191211,0.5491211,1.4591211,2.939121,1.5591211,3.5691211,1.9791211,1.7491211,2.7691212,2.0591211
