tmp/wind-global.json
{"header": {"discipline":0,"disciplineName":"Meteorological products","gribEdition":2,"gribLength":47551,"center":7,"centerName":"US National Weather Service - NCEP(WMC)","subcenter":0,"refTime":"2021-01-15T00:00:00.000Z","significanceOfRT":1,"significanceOfRTName":"Start of forecast","productStatus":0,"productStatusName":"Operational products","productType":1,"productTypeName":"Forecast products","productDefinitionTemplate":0,"productDefinitionTemplateName":"Analysis/forecast at horizontal level/layer at a point in time","parameterCategory":0,"parameterCategoryName":"Temperature","parameterNumber":0,"parameterNumberName":"Temperature","parameterUnit":"K","genProcessType":2,"genProcessTypeName":"Forecast","forecastTime":0,"surface1Type":1,"surface1TypeName":"Ground or water surface","surface1Value":0.0,"surface2Type":255,"surface2TypeName":"Missing","surface2Value":0.0,"gridDefinitionTemplate":0,"gridDefinitionTemplateName":"Latitude_Longitude","numberPoints":65160,"shape":6,"shapeName":"Earth spherical with radius of 6,371,229.0 m","gridUnits":"degrees","resolution":48,"winds":"true","scanMode":0,"nx":360,"ny":181,"basicAngle":0,"lo1":0.0,"la1":90.0,"lo2":359.0,"la2":-90.0,"dx":1.0,"dy":1.0}, "data":
[rows 0 to 26 of 181, columns 60 to 119 of 360]
236.49683,236.49683,236.49683,236.49683,236.49683,236.49683,236.49683,236.49683,236.49683,236.49683,236.49683,236.49683,236.49683,236.49683,236.49683,236.49683,236.49683,236.49683,236.49683,236.49683,236.49683,236.49683,236.49683,236.49683,236.49683,236.49683,236.49683,236.49683,236.49683,236.49683,236.49683,236.49683,236.49683,236.49683,236.49683,236.49683,236.49683,236.49683,236.49683,236.49683,236.49683,236.49683,236.49683,236.49683,236.49683,236.49683,236.49683,236.49683,236.49683,236.49683,236.49683,236.49683,236.49683,236.49683,236.49683,236.49683,236.49683,236.49683,236.49683,236.49683
237.79683,237.79683,237.79683,237.79683,237.59683,237.59683,237.69682,237.69682,237.69682,237.69682,237.69682,237.69682,237.59683,237.59683,237.59683,237.59683,237.59683,237.59683,237.59683,237.59683,237.39682,237.29683,237.29683,237.29683,237.29683,237.29683,237.29683,237.29683,236.59683,236.59683,236.59683,236.59683,236.59683,236.59683,236.59683,236.49683,236.49683,236.39682,236.39682,236.39682,236.39682,236.39682,236.39682,235.99683,235.99683,235.99683,235.79683,235.79683,235.49683,235.49683,235.49683,235.79683,235.79683,235.79683,235.79683,235.79683,235.79683,235.79683,235.79683,235.79683
237.59683,237.49683,237.39682,237.39682,237.39682,237.59683,237.69682,237.69682,237.69682,237.39682,237.19682,237.19682,237.19682,237.49683,237.49683,237.49683,237.49683,237.59683,237.49683,237.49683,236.99683,236.69682,236.69682,236.69682,236.49683,236.49683,236.49683,236.39682,235.89682,235.89682,235.89682,235.99683,235.99683,235.99683,235.99683,235.89682,235.69682,235.69682,235.69682,235.39682,235.29683,235.49683,235.49683,235.49683,235.19682,235.19682,235.09683,235.09683,234.99683,234.99683,234.99683,234.99683,235.19682,235.29683,235.29683,235.19682,235.19682,234.89682,234.99683,235.09683
236.99683,236.99683,236.89682,237.09683,237.09683,237.09683,237.69682,237.69682,237.89682,237.89682,237.99683,238.59683,238.19682,238.59683,238.59683,238.59683,238.49683,238.49683,238.29683,238.29683,238.49683,238.49683,238.49683,238.49683,238.49683,237.69682,237.49683,237.49683,236.79683,236.59683,236.49683,236.39682,236.39682,235.79683,235.69682,235.29683,235.09683,235.09683,234.89682,234.79683,234.79683,234.79683,234.79683,235.19682,235.19682,235.19682,235.49683,235.49683,235.49683,235.19682,235.09683,235.09683,235.19682,235.19682,235.29683,235.29683,235.29683,235.29683,235.29683,235.29683
237.49683,237.09683,236.79683,236.79683,236.59683,236.69682,236.49683,236.29683,236.09683,236.09683,235.89682,236.19682,236.19682,235.99683,235.99683,235.79683,235.79683,235.79683,235.79683,235.49683,235.39682,235.29683,235.79683,235.79683,235.59683,235.59683,235.29683,235.29683,235.79683,235.69682,235.49683,235.59683,235.69682,235.69682,235.79683,235.89682,235.99683,235.99683,235.79683,235.49683,235.29683,235.09683,235.09683,234.99683,235.09683,235.09683,235.19682,235.29683,235.39682,235.49683,235.59683,235.59683,235.69682,235.79683,235.89682,235.89682,235.89682,235.89682,235.99683,235.99683
239.89682,239.89682,239.59683,239.59683,239.79683,239.39682,239.29683,238.49683,238.59683,238.69682,238.09683,238.09683,237.49683,238.29683,238.19682,238.09683,237.49683,237.39682,236.59683,236.79683,236.59683,236.49683,236.09683,235.79683,235.79683,235.69682,235.39682,235.39682,235.79683,235.69682,235.69682,235.39682,235.79683,235.79683,235.79683,235.79683,235.79683,236.49683,236.49683,236.69682,236.79683,236.79683,236.19682,235.59683,235.59683,235.59683,235.69682,235.79683,236.19682,235.99683,236.19682,236.19682,236.39682,236.59683,236.59683,236.29683,236.29683,236.19682,236.19682,236.09683
238.79683,238.39682,238.29683,238.09683,237.69682,237.79683,237.59683,237.79683,237.59683,237.69682,237.59683,237.89682,238.29683,238.49683,239.09683,239.09683,238.49683,237.89682,237.79683,237.99683,237.69682,237.59683,236.99683,236.99683,236.09683,236.09683,235.89682,236.09683,236.39682,236.09683,235.89682,235.89682,235.69682,235.89682,235.39682,235.19682,235.19682,235.39682,235.79683,235.79683,235.59683,235.69682,235.99683,236.09683,236.49683,236.79683,236.39682,236.69682,236.79683,236.89682,237.19682,237.29683,237.09683,237.19682,237.19682,237.19682,237.09683,237.09683,237.09683,236.99683
242.29683,242.29683,240.29683,239.29683,239.29683,239.19682,239.09683,238.59683,238.39682,238.49683,238.59683,238.99683,238.79683,238.89682,238.69682,238.19682,238.69682,238.69682,238.29683,238.39682,237.89682,237.79683,238.09683,238.09683,238.29683,238.29683,237.59683,236.79683,236.59683,235.69682,235.19682,235.49683,235.39682,235.69682,235.49683,235.59683,235.59683,235.39682,235.59683,235.29683,235.19682,235.69682,235.59683,235.59683,235.89682,236.49683,237.09683,237.29683,237.19682,237.09683,237.69682,237.79683,237.29683,237.79683,236.89682,237.39682,237.49683,237.99683,238.09683,238.19682
250.49683,248.29683,248.69682,245.99683,243.99683,242.99683,242.89682,245.59683,243.59683,241.89682,242.19682,242.69682,242.99683,243.19682,243.09683,243.39682,243.39682,242.69682,241.99683,241.79683,241.89682,241.19682,240.99683,240.69682,240.49683,239.89682,239.49683,239.49683,238.99683,238.89682,238.39682,238.09683,237.49683,236.99683,236.69682,236.59683,235.69682,235.19682,234.89682,235.49683,235.49683,235.29683,235.69682,235.69682,235.59683,235.99683,235.99683,235.99683,236.19682,236.69682,236.99683,237.29683,237.39682,237.19682,237.69682,237.89682,237.99683,238.19682,238.29683,238.29683
252.89682,252.19682,256.69684,251.29683,250.39682,245.49683,252.19682,251.79683,251.99683,251.69682,249.29683,248.69682,248.59683,248.29683,246.69682,246.49683,245.09683,245.19682,244.69682,242.69682,241.09683,240.29683,240.09683,240.69682,240.59683,241.09683,241.09683,241.09683,240.99683,240.69682,239.89682,241.09683,239.19682,239.79683,236.49683,230.09683,235.09683,235.89682,236.09683,235.49683,235.69682,235.99683,236.29683,236.59683,236.39682,236.09683,236.59683,236.49683,236.99683,236.79683,237.19682,237.69682,237.89682,237.89682,238.19682,238.19682,238.19682,238.79683,239.09683,239.09683
254.79683,253.99683,255.49683,254.79683,256.09683,255.29683,256.39682,255.49683,257.39682,257.59683,257.7968,258.39682,256.19684,253.29683,250.69682,246.99683,246.09683,245.39682,243.49683,242.49683,240.49683,239.39682,238.99683,238.99683,239.29683,239.79683,239.59683,240.49683,240.89682,240.59683,239.79683,238.69682,235.19682,232.39682,235.29683,231.89682,234.49683,231.49683,234.29683,233.79683,236.49683,236.49683,236.29683,236.19682,236.09683,235.99683,236.29683,236.39682,236.89682,236.99683,237.49683,237.59683,237.99683,238.39682,238.49683,238.99683,239.19682,239.59683,239.79683,240.29683
253.89682,255.39682,256.69684,258.89682,258.69684,258.69684,258.39682,258.49683,258.2968,258.2968,257.2968,256.59683,256.7968,257.2968,255.69682,254.49683,251.29683,247.39682,245.39682,241.09683,239.39682,239.19682,239.09683,239.09683,238.79683,238.69682,238.09683,238.39682,238.49683,238.69682,238.59683,239.69682,238.29683,242.39682,242.29683,247.29683,233.39682,231.99683,230.49683,232.59683,239.39682,239.19682,231.19682,232.89682,234.89682,236.29683,236.09683,236.89682,237.29683,237.29683,237.39682,237.69682,238.29683,238.59683,238.99683,239.99683,240.39682,240.19682,240.39682,240.49683
265.99683,265.7968,265.19684,265.7968,263.49683,262.69684,261.39682,262.49683,266.09683,270.7968,271.19684,271.19684,265.69684,262.69684,261.7968,263.49683,265.49683,259.19684,255.49683,249.59683,245.69682,245.39682,237.39682,237.69682,237.79683,238.59683,239.19682,239.19682,238.89682,238.49683,237.99683,237.29683,237.49683,237.09683,237.09683,237.19682,236.99683,236.29683,237.29683,237.09683,235.39682,237.39682,237.19682,236.29683,236.59683,237.49683,237.79683,236.89682,236.79683,236.19682,236.59683,237.39682,237.49683,237.89682,238.39682,239.19682,239.49683,239.49683,239.29683,239.49683
271.2968,271.2968,271.19684,271.19684,271.19684,271.19684,271.19684,266.49683,266.59683,271.19684,271.19684,271.19684,271.19684,261.99683,259.7968,257.7968,255.89682,254.19682,250.69682,244.39682,239.19682,237.49683,236.69682,236.49683,236.19682,236.19682,235.79683,235.69682,236.19682,235.99683,236.09683,234.39682,233.99683,233.69682,233.89682,234.09683,234.59683,235.39682,236.49683,236.49683,236.29683,234.99683,229.59683,228.69682,228.79683,231.89682,234.49683,235.39682,236.89682,234.39682,234.59683,235.99683,237.79683,238.49683,237.99683,237.79683,238.19682,238.19682,238.09683,238.39682
271.7968,254.69682,248.59683,245.99683,244.99683,243.59683,251.69682,258.19684,259.49683,253.79683,251.29683,250.89682,248.29683,247.39682,246.09683,245.29683,243.69682,242.39682,240.49683,239.59683,239.29683,238.99683,238.29683,237.09683,236.49683,236.29683,236.19682,236.09683,234.99683,235.49683,236.39682,236.19682,233.39682,231.99683,229.59683,229.09683,233.89682,228.69682,232.29683,228.99683,229.29683,227.59683,227.29683,227.69682,226.99683,229.49683,227.69682,228.89682,231.99683,230.99683,228.79683,227.79683,231.79683,233.69682,238.39682,238.29683,238.29683,237.99683,237.89682,237.79683
249.69682,258.09683,258.89682,256.19684,256.49683,253.69682,252.69682,251.79683,249.59683,248.99683,248.09683,246.49683,245.89682,245.89682,245.89682,245.29683,244.69682,243.19682,240.89682,239.89682,239.09683,238.89682,237.79683,237.79683,236.69682,235.69682,233.49683,231.89682,230.59683,229.69682,229.39682,229.09683,228.49683,227.89682,227.59683,226.79683,227.09683,227.89682,227.59683,224.59683,224.39682,227.29683,232.59683,230.99683,235.29683,229.09683,226.19682,228.29683,228.09683,227.59683,231.39682,233.89682,235.69682,234.69682,235.49683,236.99683,236.79683,236.49683,236.69682,237.29683
266.49683,267.49683,270.2968,264.89682,261.89682,258.89682,257.49683,256.19684,252.89682,247.39682,244.79683,242.69682,242.49683,241.49683,241.99683,242.99683,242.59683,242.09683,241.99683,239.99683,239.39682,238.49683,238.79683,239.59683,237.59683,237.79683,234.99683,229.79683,229.59683,228.39682,225.99683,223.99683,224.69682,226.39682,224.99683,226.89682,226.89682,229.49683,230.09683,229.39682,229.29683,228.89682,228.99683,229.59683,230.29683,231.79683,231.49683,232.19682,234.19682,248.09683,242.59683,233.29683,233.99683,233.89682,234.69682,234.89682,235.99683,236.79683,235.59683,236.49683
271.2968,271.19684,271.19684,271.19684,268.7968,265.49683,264.2968,258.89682,251.39682,245.69682,242.89682,241.99683,241.29683,240.89682,239.59683,238.99683,238.59683,240.59683,238.69682,236.79683,238.69682,233.29683,233.99683,231.49683,231.19682,229.69682,228.89682,227.99683,228.09683,227.89682,227.59683,227.29683,227.89682,227.49683,227.79683,227.19682,227.19682,227.29683,226.69682,226.69682,227.09683,227.49683,227.49683,227.89682,228.19682,228.39682,228.09683,228.19682,227.99683,227.99683,228.29683,228.49683,228.89682,229.09683,228.89682,229.89682,231.69682,232.79683,234.19682,234.69682
271.39682,271.2968,270.89682,269.99683,271.19684,271.19684,267.7968,254.69682,247.19682,246.99683,245.39682,244.39682,243.59683,240.39682,239.09683,241.59683,237.59683,235.69682,235.49683,234.39682,233.89682,238.09683,236.49683,232.89682,231.09683,230.39682,229.19682,228.49683,227.89682,227.19682,226.99683,226.49683,225.49683,225.19682,224.89682,225.29683,225.19682,224.79683,224.89682,225.19682,224.89682,224.89682,224.09683,222.49683,222.99683,224.59683,226.79683,226.99683,227.49683,223.69682,222.89682,223.39682,226.09683,224.79683,224.19682,227.49683,228.59683,228.99683,229.69682,230.39682
270.7968,271.2968,271.2968,271.2968,271.19684,271.19684,264.59683,259.2968,254.79683,252.29683,250.79683,248.39682,247.89682,243.99683,240.59683,239.19682,237.89682,236.49683,235.09683,234.39682,233.69682,232.89682,231.89682,236.29683,231.89682,229.79683,230.39682,229.19682,228.29683,227.69682,227.79683,227.29683,227.29683,226.79683,227.39682,226.79683,226.09683,224.69682,223.59683,222.59683,223.39682,225.49683,222.99683,225.19682,225.79683,226.19682,225.59683,226.29683,228.39682,227.09683,224.89682,223.89682,225.99683,227.59683,228.39682,229.09683,228.09683,227.09683,228.29683,226.69682
254.59683,258.09683,263.39682,266.19684,266.39682,262.49683,256.99683,253.69682,254.59683,254.69682,255.09683,254.79683,255.09683,255.39682,247.49683,244.29683,241.99683,237.49683,235.89682,234.99683,234.19682,232.49683,230.89682,235.09683,230.09683,231.09683,231.09683,230.09683,229.59683,230.29683,230.79683,232.19682,227.69682,229.19682,226.89682,227.29683,227.09683,225.39682,223.19682,225.99683,223.59683,228.39682,228.99683,229.09683,228.19682,228.89682,229.79683,231.89682,233.39682,232.09683,229.59683,229.79683,229.99683,230.69682,229.29683,228.69682,227.29683,229.29683,227.89682,226.49683
249.59683,245.99683,246.19682,247.49683,247.49683,247.69682,247.39682,248.59683,249.19682,250.49683,251.39682,252.49683,251.69682,256.39682,251.69682,248.59683,245.99683,241.59683,238.59683,236.39682,234.59683,233.79683,232.79683,231.09683,230.99683,231.29683,230.99683,230.29683,230.89682,227.89682,228.29683,229.99683,230.09683,230.29683,229.69682,230.49683,229.19682,227.99683,227.29683,226.89682,232.39682,234.79683,235.49683,235.99683,236.89682,236.69682,235.69682,234.99683,233.59683,232.49683,233.19682,233.29683,233.29683,233.89682,233.89682,233.99683,232.89682,231.39682,226.69682,229.99683
244.89682,244.39682,244.49683,243.09683,243.09683,243.79683,246.09683,248.79683,244.69682,246.69682,249.09683,248.69682,252.49683,250.19682,255.79683,249.79683,249.29683,247.19682,245.59683,242.69682,237.29683,235.29683,233.69682,232.29683,232.29683,232.29683,232.19682,229.29683,232.69682,226.39682,226.89682,227.29683,228.39682,226.29683,226.09683,228.09683,227.49683,228.49683,226.09683,230.79683,234.89682,235.79683,236.89682,236.39682,234.29683,233.29683,233.59683,233.79683,234.19682,234.29683,234.79683,234.09683,234.89682,235.59683,235.89682,236.09683,236.49683,235.79683,234.59683,232.29683
243.79683,243.29683,242.59683,242.69682,242.19682,241.99683,251.79683,247.39682,248.49683,248.09683,247.99683,248.09683,252.59683,258.99683,254.99683,254.09683,250.99683,250.29683,249.39682,246.89682,244.09683,240.59683,236.99683,233.89682,232.89682,231.99683,231.99683,230.29683,228.29683,228.79683,226.59683,228.39682,226.99683,227.99683,227.79683,227.69682,224.79683,228.89682,228.19682,232.59683,235.09683,235.79683,234.49683,234.39682,232.89682,232.69682,232.49683,235.89682,237.09683,238.49683,238.89682,238.49683,237.69682,237.39682,236.49683,235.99683,235.99683,235.79683,234.89682,234.19682
244.19682,246.19682,246.89682,248.19682,246.19682,249.89682,249.69682,249.19682,248.49683,247.29683,247.69682,246.79683,247.49683,247.19682,248.39682,250.19682,252.09683,252.59683,253.19682,250.49683,248.49683,246.29683,244.09683,235.99683,233.49683,230.69682,229.99683,229.59683,231.19682,230.09683,229.69682,228.89682,228.29683,228.39682,229.49683,228.89682,228.49683,228.69682,228.79683,231.39682,232.39682,232.99683,232.39682,232.89682,233.29683,233.99683,236.39682,237.79683,238.69682,237.69682,238.39682,238.29683,238.69682,237.49683,237.99683,238.59683,238.09683,236.99683,236.19682,235.29683
252.69682,253.49683,252.49683,250.79683,249.99683,250.69682,249.69682,250.19682,249.09683,249.09683,248.89682,248.09683,247.59683,247.09683,247.09683,247.89682,248.39682,249.39682,250.59683,251.69682,252.99683,250.19682,248.19682,246.09683,242.49683,234.19682,231.19682,229.39682,226.59683,229.69682,232.59683,228.99683,232.39682,232.29683,230.69682,230.29683,229.39682,229.39682,229.29683,230.19682,232.49683,234.09683,233.19682,233.29683,233.89682,234.99683,236.29683,240.19682,241.79683,241.89682,242.19682,241.59683,242.59683,240.69682,241.09683,241.19682,240.19682,239.79683,238.99683,238.19682
253.49683,253.39682,252.19682,251.09683,251.49683,251.49683,251.59683,250.69682,251.29683,250.59683,251.29683,248.79683,249.09683,248.49683,247.49683,247.49683,246.79683,247.79683,247.89682,246.99683,250.99683,252.09683,253.09683,251.19682,247.99683,245.09683,240.69682,234.99683,229.59683,231.19682,232.49683,232.39682,232.99683,232.09683,232.39682,233.49683,232.79683,234.29683,231.59683,232.09683,228.89682,231.69682,230.49683,236.89682,234.49683,236.39682,238.99683,240.69682,239.89682,241.79683,238.49683,243.69682,244.49683,244.39682,244.29683,243.89682,244.19682,243.89682,243.59683,241.79683
