tmp/wind-global.json
{"header": {"discipline":0,"disciplineName":"Meteorological products","gribEdition":2,"gribLength":48660,"center":7,"centerName":"US National Weather Service - NCEP(WMC)","subcenter":0,"refTime":"2020-10-14T06:00:00.000Z","significanceOfRT":1,"significanceOfRTName":"Start of forecast","productStatus":0,"productStatusName":"Operational products","productType":1,"productTypeName":"Forecast products","productDefinitionTemplate":0,"productDefinitionTemplateName":"Analysis/forecast at horizontal level/layer at a point in time","parameterCategory":0,"parameterCategoryName":"Temperature","parameterNumber":0,"parameterNumberName":"Temperature","parameterUnit":"K","genProcessType":2,"genProcessTypeName":"Forecast","forecastTime":0,"surface1Type":1,"surface1TypeName":"Ground or water surface","surface1Value":0.0,"surface2Type":255,"surface2TypeName":"Missing","surface2Value":0.0,"gridDefinitionTemplate":0,"gridDefinitionTemplateName":"Latitude_Longitude","numberPoints":65160,"shape":6,"shapeName":"Earth spherical with radius of 6,371,229.0 m","gridUnits":"degrees","resolution":48,"winds":"true","scanMode":0,"nx":360,"ny":181,"basicAngle":0,"lo1":0.0,"la1":90.0,"lo2":359.0,"la2":-90.0,"dx":1.0,"dy":1.0}, "data":
[rows 104 to 129 of 181, columns 120 to 179 of 360]
302.50006,302.70004,302.90005,303.20004,303.10004,303.20004,307.70004,321.00006,304.80005,304.00006,312.40005,319.80005,321.70004,326.30005,320.30005,308.50006,306.90005,302.00006,301.40005,301.70004,301.50006,300.40005,309.50006,306.60004,299.10004,298.80005,298.80005,299.20004,299.30005,299.30005,299.30005,299.50006,299.90005,300.30005,300.50006,300.80005,300.80005,300.60004,300.30005,300.70004,301.20004,301.10004,300.80005,301.30005,301.10004,301.10004,301.10004,301.00006,300.90005,302.30005,301.40005,301.40005,301.40005,301.40005,301.10004,301.20004,301.20004,301.30005,301.20004,301.10004
302.80005,302.80005,302.20004,302.20004,302.50006,302.70004,322.30005,323.90005,325.80005,328.70004,324.00006,322.40005,320.90005,320.40005,329.00006,323.90005,302.50006,301.80005,301.80005,301.70004,301.10004,300.50006,307.30005,306.30005,308.80005,301.50006,298.80005,299.10004,299.20004,299.10004,299.10004,299.30005,299.30005,299.50006,299.80005,299.90005,299.90005,299.50006,299.40005,300.10004,300.80005,300.90005,300.80005,300.90005,300.90005,301.40005,302.00006,302.00006,301.10004,301.00006,300.90005,300.90005,300.90005,301.10004,301.00006,300.90005,300.70004,300.50006,300.70004,300.90005
302.60004,302.70004,302.20004,302.60004,301.90005,322.20004,323.00006,323.10004,323.80005,325.80005,325.30005,326.00006,325.10004,323.90005,321.30005,323.20004,318.20004,316.00006,301.60004,301.30005,301.00006,300.60004,311.60004,308.80005,303.90005,301.30005,298.80005,298.90005,299.00006,299.00006,298.90005,298.80005,298.70004,298.60004,299.10004,299.40005,299.60004,299.60004,299.40005,299.30005,299.70004,300.20004,300.40005,300.60004,300.60004,301.20004,301.00006,301.10004,300.40005,300.70004,300.30005,300.50006,300.50006,300.60004,300.60004,300.60004,300.40005,300.30005,300.50006,300.70004
303.40005,302.30005,301.00006,328.10004,335.50006,327.10004,326.60004,324.00006,324.20004,326.70004,322.40005,324.00006,323.30005,325.70004,323.70004,325.00006,320.60004,312.30005,313.10004,315.20004,301.10004,303.50006,310.90005,310.20004,301.70004,304.40005,298.60004,298.50006,298.30005,298.60004,298.80005,298.70004,298.20004,298.10004,298.60004,299.40005,299.80005,299.60004,298.80005,298.60004,298.80005,299.30005,299.80005,300.10004,300.20004,300.10004,300.10004,300.30005,300.10004,299.60004,299.30005,299.40005,299.90005,299.90005,299.90005,300.00006,300.30005,300.40005,300.00006,298.70004
302.00006,302.50006,300.40005,330.80005,328.30005,326.80005,326.70004,325.50006,326.10004,324.60004,321.50006,322.00006,322.30005,322.80005,322.70004,324.00006,324.20004,312.50006,310.10004,305.90005,317.90005,311.40005,311.30005,311.50006,305.50006,304.00006,298.50006,298.30005,298.30005,298.20004,298.50006,298.40005,298.20004,298.20004,298.50006,298.70004,299.10004,298.90005,298.50006,298.60004,298.60004,298.40005,298.70004,299.70004,299.70004,299.70004,299.70004,299.90005,299.80005,299.60004,299.20004,299.50006,299.70004,299.70004,299.50006,299.50006,299.90005,300.40005,294.90005,299.20004
301.20004,302.40005,333.30005,329.10004,328.00006,327.30005,324.40005,325.00006,325.80005,323.50006,321.50006,322.60004,322.70004,322.00006,321.60004,320.00006,321.30005,323.60004,315.40005,308.70004,309.20004,316.80005,316.30005,316.30005,299.80005,307.30005,299.10004,298.10004,298.10004,298.10004,297.90005,298.00006,298.00006,298.20004,298.00006,297.70004,297.80005,297.80005,297.80005,298.30005,298.30005,298.30005,298.40005,298.80005,299.30005,299.30005,299.20004,299.10004,299.40005,299.80005,299.70004,299.50006,299.50006,299.30005,299.20004,299.00006,299.10004,299.40005,299.40005,298.80005
328.80005,333.30005,332.10004,329.60004,326.00006,325.10004,325.90005,323.70004,322.70004,323.60004,323.00006,321.20004,320.30005,320.10004,320.70004,320.50006,320.00006,318.70004,312.10004,313.10004,312.50006,318.40005,318.10004,314.80005,298.50006,304.10004,305.70004,299.80005,304.00006,297.50006,297.40005,297.80005,297.70004,297.60004,297.50006,297.70004,297.70004,297.20004,297.20004,297.60004,297.50006,297.70004,297.50006,297.90005,298.80005,299.00006,298.40005,298.50006,298.70004,299.00006,299.70004,300.20004,299.50006,298.80005,298.10004,298.00006,298.60004,298.50006,298.50006,298.30005
336.10004,333.10004,332.00006,330.60004,328.90005,324.40005,325.30005,325.00006,323.70004,322.70004,321.50006,321.80005,319.10004,317.00006,317.00006,317.00006,318.10004,318.40005,319.40005,318.90005,312.50006,321.40005,319.60004,314.30005,309.30005,301.90005,309.20004,299.70004,296.80005,298.50006,297.00006,296.80005,297.50006,297.50006,297.20004,297.40005,297.60004,296.60004,296.30005,296.70004,297.10004,297.20004,297.20004,297.50006,297.60004,297.70004,299.00006,298.60004,298.50006,298.90005,300.40005,299.90005,298.50006,298.40005,297.80005,297.60004,298.20004,297.90005,297.40005,296.90005
332.90005,333.00006,331.50006,330.70004,328.60004,326.80005,326.10004,323.70004,324.30005,323.90005,320.30005,319.40005,317.70004,315.70004,315.00006,314.80005,317.70004,317.40005,318.50006,319.00006,318.20004,317.70004,314.70004,310.70004,306.70004,305.20004,296.80005,306.80005,300.90005,298.60004,296.90005,296.40005,296.70004,297.00006,297.20004,297.00006,296.80005,296.10004,295.60004,296.20004,296.90005,296.90005,296.80005,297.00006,297.00006,297.20004,299.10004,298.80005,298.40005,298.80005,300.40005,299.30005,297.50006,298.10004,298.40005,298.00006,298.00006,297.30005,296.90005,296.40005
331.60004,330.30005,328.20004,329.30005,326.20004,329.00006,327.80005,323.30005,322.10004,323.00006,320.90005,318.60004,318.50006,316.10004,313.60004,312.60004,314.10004,317.20004,316.50006,318.90005,318.70004,317.60004,310.20004,302.70004,310.50006,304.20004,301.10004,300.10004,303.30005,302.50006,299.80005,296.00006,295.90005,296.20004,296.80005,296.30005,295.90005,295.70004,295.30005,295.50006,296.00006,296.20004,296.30005,296.10004,296.00006,296.50006,296.80005,297.20004,298.50006,298.80005,298.10004,297.70004,296.70004,297.10004,298.10004,297.80005,297.20004,296.70004,296.40005,296.10004
329.90005,326.40005,327.20004,327.00006,326.70004,329.80005,328.10004,324.20004,322.70004,321.10004,320.30005,316.80005,315.80005,315.40005,314.10004,314.10004,313.80005,315.10004,316.20004,318.10004,317.10004,312.30005,303.60004,300.60004,310.60004,301.70004,295.60004,298.80005,300.10004,302.30005,301.10004,297.70004,295.80005,296.40005,296.70004,296.00006,295.60004,295.40005,295.10004,295.00006,295.20004,295.60004,295.90005,295.60004,295.50006,295.50006,295.60004,297.50006,298.60004,297.40005,297.60004,297.30005,296.00006,296.00006,296.30005,296.20004,296.40005,296.10004,295.60004,295.50006
332.40005,326.40005,326.40005,324.90005,325.50006,325.80005,329.40005,324.20004,323.90005,320.60004,318.80005,317.70004,316.30005,314.30005,315.10004,313.60004,314.30005,313.80005,314.90005,316.40005,315.10004,307.30005,307.00006,309.10004,309.50006,295.80005,298.40005,296.30005,293.90005,300.20004,301.10004,296.90005,297.60004,296.00006,296.70004,295.80005,295.50006,295.30005,295.20004,294.80005,294.80005,294.90005,295.20004,295.20004,295.00006,294.50006,294.90005,295.50006,296.00006,296.60004,296.30005,296.00006,295.60004,295.20004,295.00006,294.80005,295.30005,295.10004,295.10004,295.10004
326.40005,326.50006,326.90005,325.50006,323.70004,323.20004,325.20004,325.10004,323.50006,320.90005,318.10004,315.30005,314.50006,314.80005,314.80005,315.00006,313.40005,312.80005,313.50006,314.20004,315.80005,315.80005,307.70004,308.60004,303.90005,303.70004,304.20004,301.80005,302.90005,302.80005,302.20004,297.00006,297.40005,295.70004,296.40005,295.50006,295.20004,294.90005,294.70004,294.90005,294.70004,294.70004,295.00006,295.10004,294.70004,294.20004,294.60004,295.00006,295.00006,295.20004,295.80005,295.40005,294.60004,294.70004,294.50006,294.30005,294.60004,295.10004,295.10004,294.40005
324.10004,325.00006,323.30005,321.60004,322.10004,320.90005,322.80005,321.10004,321.50006,321.30005,318.50006,317.10004,315.60004,314.70004,314.60004,315.00006,314.60004,313.40005,313.00006,313.40005,312.30005,314.00006,313.40005,313.00006,304.90005,305.80005,304.90005,302.00006,305.30005,305.30005,301.40005,300.80005,292.90005,290.20004,296.50006,295.80005,295.40005,295.00006,294.90005,295.00006,294.80005,294.60004,294.70004,294.60004,294.40005,294.00006,294.00006,294.00006,294.20004,294.10004,294.50006,294.00006,294.30005,294.30005,293.90005,293.60004,294.10004,294.70004,294.50006,293.40005
322.40005,323.00006,322.60004,317.50006,322.70004,318.20004,319.10004,318.70004,318.70004,319.10004,317.20004,315.70004,314.30005,314.90005,315.40005,314.60004,315.10004,314.30005,313.10004,312.90005,312.20004,312.40005,312.30005,312.70004,311.10004,310.30005,309.10004,307.90005,305.10004,304.00006,300.70004,298.90005,297.60004,296.30005,296.70004,296.30005,295.90005,296.10004,296.30005,295.50006,294.80005,294.70004,294.40005,293.80005,293.70004,293.40005,293.20004,293.20004,293.30005,293.40005,294.00006,293.50006,293.70004,293.30005,293.20004,293.30005,293.20004,293.40005,293.50006,293.20004
320.70004,321.40005,322.50006,320.20004,320.50006,320.30005,318.00006,319.10004,318.40005,318.60004,317.60004,316.20004,315.10004,314.70004,314.10004,314.80005,313.70004,314.90005,313.90005,314.30005,312.70004,311.50006,313.20004,312.40005,312.20004,310.80005,309.20004,307.80005,307.50006,303.20004,302.60004,298.30005,291.80005,296.40005,296.80005,296.90005,296.60004,296.10004,295.80005,295.10004,294.50006,294.20004,293.30005,292.90005,292.90005,293.00006,292.40005,292.10004,292.00006,292.10004,292.30005,292.80005,292.70004,292.20004,292.40005,292.60004,292.10004,292.20004,292.60004,292.70004
318.10004,319.00006,319.40005,318.80005,321.20004,321.30005,319.40005,317.60004,318.70004,317.80005,317.20004,315.50006,314.10004,313.40005,313.30005,314.10004,313.20004,312.90005,314.40005,312.80005,314.30005,311.30005,311.20004,311.80005,312.30005,311.10004,310.80005,307.50006,304.90005,302.00006,299.50006,296.40005,291.40005,295.20004,296.30005,296.00006,296.00006,295.40005,294.40005,293.90005,293.70004,293.40005,292.80005,292.40005,292.50006,292.40005,291.90005,291.30005,290.90005,291.20004,291.70004,291.60004,291.60004,291.60004,291.70004,291.90005,291.70004,291.50006,291.90005,291.80005
315.20004,314.40005,317.60004,314.90005,318.50006,319.30005,317.30005,316.10004,313.40005,316.20004,315.90005,315.70004,314.10004,313.30005,312.90005,313.20004,312.20004,312.00006,314.80005,312.60004,314.30005,314.30005,312.20004,311.50006,312.80005,304.90005,306.70004,307.30005,305.30005,302.40005,303.40005,296.30005,295.00006,295.40005,295.50006,294.40005,294.20004,294.50006,293.70004,293.00006,293.10004,293.00006,292.90005,292.70004,292.70004,292.30005,291.70004,291.20004,291.00006,291.00006,291.10004,291.10004,291.20004,291.20004,291.20004,291.50006,291.60004,291.40005,291.40005,291.00006
309.30005,311.90005,315.10004,314.80005,317.90005,316.50006,317.00006,312.60004,315.60004,289.30005,289.50006,289.70004,292.80005,310.60004,309.50006,311.10004,312.00006,311.80005,310.80005,308.80005,313.00006,306.50006,312.80005,312.10004,312.10004,311.50006,306.60004,306.00006,303.30005,298.40005,295.10004,295.50006,296.20004,295.50006,294.90005,294.00006,293.60004,294.40005,294.20004,293.40005,293.00006,292.50006,292.20004,292.60004,292.40005,292.20004,291.90005,291.40005,291.00006,290.70004,290.60004,290.60004,290.40005,290.20004,290.50006,291.00006,291.30005,291.10004,290.70004,290.50006
299.60004,306.90005,309.20004,314.50006,313.70004,289.40005,289.30005,289.10004,289.10004,289.10004,289.10004,289.40005,289.30005,289.50006,289.60004,309.90005,307.60004,309.80005,299.90005,303.60004,308.70004,308.20004,311.50006,312.00006,309.60004,308.40005,303.30005,303.60004,300.60004,293.60004,294.00006,295.90005,293.30005,294.70004,294.30005,294.20004,293.70004,293.80005,294.10004,293.40005,292.90005,293.30005,292.40005,291.70004,291.60004,292.00006,292.10004,291.70004,290.50006,289.80005,289.60004,289.30005,289.40005,289.80005,290.60004,290.70004,290.40005,290.00006,289.90005,290.10004
290.50006,290.20004,290.50006,291.20004,289.30005,289.30005,288.40005,288.20004,287.90005,288.10004,288.50006,288.50006,288.60004,288.90005,289.20004,289.30005,304.30005,290.60004,303.30005,296.90005,307.30005,307.20004,310.30005,308.20004,307.60004,306.50006,302.20004,302.10004,298.20004,294.00006,288.50006,294.90005,293.20004,294.00006,294.00006,294.00006,293.10004,292.90005,293.20004,292.70004,292.90005,294.10004,293.40005,292.30005,291.50006,291.30005,291.60004,291.50006,290.50006,289.60004,289.40005,289.20004,288.40005,289.10004,290.10004,290.00006,289.60004,289.70004,289.90005,290.00006
289.10004,289.20004,288.70004,288.30005,287.90005,287.80005,288.00006,287.80005,287.50006,288.10004,288.20004,288.10004,287.60004,288.00006,288.50006,288.60004,294.80005,299.00006,289.50006,300.50006,303.70004,305.20004,303.90005,305.50006,304.80005,304.10004,300.60004,298.90005,294.70004,292.80005,289.90005,291.40005,291.70004,293.10004,293.40005,293.00006,291.80005,291.50006,292.10004,291.90005,291.80005,292.40005,292.30005,292.00006,291.30005,290.80005,290.90005,290.70004,290.10004,289.60004,289.40005,289.40005,289.00006,288.70004,289.10004,289.50006,289.20004,289.50006,289.20004,289.10004
288.20004,287.30005,287.50006,287.60004,287.60004,287.30005,287.10004,286.80005,286.90005,287.70004,288.00006,287.90005,287.80005,287.40005,287.40005,287.40005,287.90005,292.50006,289.70004,289.00006,299.70004,301.40005,299.90005,299.90005,299.00006,297.90005,296.50006,294.80005,295.80005,292.10004,286.90005,290.90005,290.70004,291.10004,291.30005,291.10004,290.40005,289.90005,289.60004,290.00006,289.90005,289.90005,290.70004,291.20004,290.70004,290.10004,290.00006,290.20004,290.00006,289.40005,289.10004,289.20004,289.00006,288.70004,285.40005,288.80005,289.00006,289.50006,289.40005,288.70004
287.80005,287.30005,287.00006,287.00006,287.70004,287.00006,286.40005,286.20004,286.60004,287.00006,287.50006,287.60004,287.40005,287.20004,287.30005,287.30005,287.10004,287.40005,287.90005,288.00006,297.70004,296.30005,296.10004,294.50006,294.50006,294.20004,293.60004,291.60004,291.30005,288.30005,289.00006,290.30005,290.30005,289.90005,289.90005,289.80005,289.60004,289.10004,288.80005,289.30005,289.50006,289.50006,290.00006,289.90005,289.10004,288.80005,289.00006,288.90005,289.00006,289.20004,288.90005,288.70004,288.60004,288.50006,288.30005,285.20004,288.50006,289.00006,289.00006,288.80005
286.40005,287.80005,286.50006,286.50006,286.60004,286.40005,286.30005,286.20004,286.20004,286.40005,287.00006,286.60004,286.70004,287.80005,287.60004,286.80005,286.70004,286.70004,286.60004,286.60004,287.30005,297.10004,292.90005,293.20004,292.90005,287.50006,294.80005,292.00006,286.70004,287.90005,288.80005,290.10004,290.10004,289.60004,288.90005,288.90005,288.80005,288.90005,288.90005,288.90005,289.00006,288.70004,288.90005,288.60004,288.20004,288.10004,288.30005,288.20004,288.00006,287.90005,288.20004,288.30005,288.20004,288.20004,288.00006,284.60004,285.30005,287.80005,282.10004,288.20004
285.90005,286.10004,287.50006,286.30005,285.70004,285.50006,285.40005,285.40005,285.40005,285.60004,286.30005,285.80005,285.40005,286.10004,286.50006,286.30005,286.00006,286.20004,286.10004,286.00006,286.20004,286.20004,286.50006,286.40005,286.10004,285.90005,286.20004,286.00006,286.50006,288.10004,288.50006,289.00006,289.40005,289.10004,288.50006,288.50006,288.30005,288.10004,288.10004,288.00006,288.20004,288.10004,287.90005,287.70004,287.40005,287.30005,287.50006,287.80005,287.70004,287.60004,287.60004,287.60004,287.50006,287.40005,287.70004,285.40005,283.90005,283.00006,287.30005,288.30005
