tmp/wind-global.json
{"header": {"discipline":0,"disciplineName":"Meteorological products","gribEdition":2,"gribLength":77827,"center":7,"centerName":"US National Weather Service - NCEP(WMC)","subcenter":0,"refTime":"2021-01-15T00:00:00.000Z","significanceOfRT":1,"significanceOfRTName":"Start of forecast","productStatus":0,"productStatusName":"Operational products","productType":1,"productTypeName":"Forecast products","productDefinitionTemplate":0,"productDefinitionTemplateName":"Analysis/forecast at horizontal level/layer at a point in time","parameterCategory":2,"parameterCategoryName":"Momentum","parameterNumber":3,"parameterNumberName":"V-component_of_wind","parameterUnit":"m.s-1","genProcessType":2,"genProcessTypeName":"Forecast","forecastTime":0,"surface1Type":103,"surface1TypeName":"Specified height level above ground","surface1Value":10.0,"surface2Type":255,"surface2TypeName":"Missing","surface2Value":0.0,"gridDefinitionTemplate":0,"gridDefinitionTemplateName":"Latitude_Longitude","numberPoints":65160,"shape":6,"shapeName":"Earth spherical with radius of 6,371,229.0 m","gridUnits":"degrees","resolution":48,"winds":"true","scanMode":0,"nx":360,"ny":181,"basicAngle":0,"lo1":0.0,"la1":90.0,"lo2":359.0,"la2":-90.0,"dx":1.0,"dy":1.0}, "data":
[rows 52 to 77 of 181, columns 232 to 289 of 360]
1.4807837,0.8207837,-1.0892164,-4.0292163,-5.919216,-5.0592165,-0.5192163,-0.4792163,-1.5292163,0.5007837,-2.1392164,-3.9392164,-3.5092163,-2.4292164,-0.9292163,-2.8192163,-3.9292164,-2.8992164,-1.5592163,-3.2592163,-0.54921633,-2.6192162,-2.2192163,-0.2892163,-1.7592163,-9.349216,-4.4892163,-9.899217,-9.989216,-5.0492163,-7.2892165,-4.0292163,-2.6892164,0.3507837,-0.6492163,-0.029216308,-0.79921633,0.6107837,1.0507836,-0.3792163,1.0707837,1.2407837,1.5407836,1.7707837,2.6907837,1.8507837,1.5407836,1.3407837,-0.17921631,1.2007837,1.8707837,1.8807837,-1.1492163,1.3407837,-0.09921631,-0.6192163,-3.3392162,-4.5192165
0.8207837,-0.9892163,-2.3692162,-5.2892165,-7.3492165,-7.459216,-1.6592163,-0.5092163,-0.33921632,-1.4992163,-1.7592163,-6.209216,-3.3692162,-1.5492163,-1.9492164,-2.8092163,-5.9292164,-1.0692163,-2.3092163,-6.0592165,-4.1592164,0.2707837,0.89078367,-1.0992163,-0.91921633,-3.9992163,-6.9892163,-4.859216,-4.0092163,-3.4592164,-2.2192163,-2.1092162,-0.9492163,-0.09921631,-0.6192163,-0.8392163,-0.7892163,0.9607837,-0.2492163,-1.4192163,2.2307837,1.6107837,4.8407836,3.2607837,2.8007836,2.2907836,1.2707837,0.6607837,1.1807837,1.9007837,1.5907837,1.1907837,-0.3892163,0.64078367,1.0607837,-0.2192163,-3.1192162,-3.0492163
-1.8492163,-2.5192163,-4.0792165,-6.379216,-7.149216,-8.229217,-5.609216,-0.11921631,-2.6092162,-0.6792163,-4.089216,-3.1492164,-2.6392164,-1.2792163,-1.6092163,-5.939216,-3.4792163,-5.149216,-4.4492164,-3.9592164,-5.919216,-5.0992165,-3.3792162,-3.9992163,2.9907837,-2.0792162,-2.7592163,-3.2292163,-4.209216,-5.1592164,-2.1992164,-2.2692163,-1.5292163,-1.9292163,-1.5792164,-0.2292163,0.6707837,-1.1092163,-3.6492164,3.0107837,2.5307837,3.6407838,3.6607838,4.270784,1.5007837,1.0207837,0.5107837,1.2507837,1.8807837,1.3807837,1.8807837,1.4407837,1.9307837,1.4007837,-0.08921631,-1.1192163,-2.3892164,-4.3092165
-3.9892163,-4.2992163,-5.499216,-6.0292163,-6.5992165,-7.089216,-5.419216,-5.979216,-1.1592163,-0.009216309,0.21078369,-2.0792162,-3.9492164,-10.689217,-5.7192163,-6.839216,-2.7092164,-4.1192164,-2.4792163,-4.229216,-4.0292163,-4.6992164,-4.0292163,-2.5192163,2.6807837,-0.8692163,-2.3492162,-3.4892163,-4.459216,-3.8492162,-2.6592164,-2.9392164,-3.1692164,-2.9892163,-1.3192163,0.58078367,-2.2892163,-3.8392162,1.2507837,1.7907836,1.6607836,4.2207837,2.8107836,2.5407836,1.4107836,0.120783694,1.5107837,0.6907837,1.5607837,2.1507838,1.8307837,1.0807837,1.5307837,0.1707837,-1.5092163,-2.0792162,-2.5092163,-4.439216
-5.479216,-5.419216,-5.7692165,-4.8192163,-6.0692163,-6.5292163,-8.179216,-5.629216,0.38078368,-1.1692163,1.5607837,-0.1392163,-6.669216,-10.379216,-5.7892165,-1.4092163,0.25078368,-3.8592162,-3.9092164,-3.3192163,-5.0992165,-2.8292162,-2.7092164,-3.4592164,3.0307837,-0.23921631,-1.3892163,-3.9992163,-4.3092165,-4.5392165,-4.5192165,-4.2992163,-5.1192164,-3.0992162,-2.4392164,-3.9392164,-0.7392163,0.05078369,0.07078369,0.3007837,2.6707838,2.6607838,3.0507836,2.8707838,1.9107836,0.9007837,1.5407836,2.3807838,2.8207836,1.4907837,1.1607836,1.6407837,0.4807837,-0.15921631,-1.5892164,-2.7192163,-2.6692164,-3.5692163
-5.979216,-4.7892165,-3.9592164,-6.3292165,-7.2992163,-8.799216,-7.2192163,-7.5292163,-4.0992165,-2.2292163,-3.1092162,-0.9292163,-0.5992163,-7.129216,-2.4992163,0.2907837,-1.7192163,-1.0892164,-0.3892163,0.080783695,-3.8292162,-2.4692163,-1.4792163,2.2907836,-0.72921634,0.07078369,-2.2292163,-3.7192163,-3.5992162,-3.9892163,-4.249216,-5.3192163,-5.2892165,-3.1792164,-1.2492163,0.3707837,0.010783691,-0.9092163,-0.06921631,1.7207837,2.5107837,2.7807837,2.7907836,1.9807837,1.6307837,2.3107836,2.5607836,2.0107837,1.3107837,2.5607836,2.4807837,1.6107837,0.8107837,-0.4092163,-1.7592163,-2.1292162,-2.2292163,-3.4092164
-3.3092163,-2.3992164,-5.2392163,-6.999216,-8.529217,-9.409216,-9.339216,-7.4292164,-3.6792164,-3.2792163,-4.879216,-4.709216,-4.6392164,-5.6592164,-1.9592164,-5.229216,-4.0792165,-2.7492163,-2.8892164,-2.3792162,-0.5592163,-0.4792163,-1.1092163,2.9107838,2.4307837,-2.3492162,-2.3592162,-4.0992165,-3.7592163,-3.3492162,-3.9792163,-4.129216,-3.7192163,-5.229216,-1.3192163,-1.3792163,-1.8892163,-0.08921631,2.0107837,1.8307837,3.1207838,3.1907837,1.9907837,2.1107836,3.3007836,2.7207837,2.5607836,2.2307837,3.1607838,2.1407838,1.9707837,1.4007837,-0.3892163,-2.0792162,-2.4392164,-2.2192163,-3.6292162,-3.6992164
-1.2592163,-4.5592165,-6.5592165,-8.8092165,-9.739216,-8.689217,-8.389216,-6.609216,-4.169216,-2.7092164,-3.5792162,-4.5692163,0.7307837,-6.589216,-6.1992164,-5.6192164,-2.5992162,-0.5592163,-1.2192163,0.3207837,-2.3392162,-1.9292163,-2.7192163,-0.2592163,-0.9492163,-3.0792162,-3.8492162,-4.3192163,-4.6592164,-6.0192165,-4.109216,-4.3092165,-4.609216,-1.8692163,-1.8692163,-2.6792164,3.1107836,1.4707837,1.9807837,2.4307837,1.9607837,2.5307837,3.1107836,3.7107837,2.4007838,1.9207836,1.3807837,2.7207837,-0.2192163,-0.12921631,-0.4892163,-1.4292163,-2.2692163,-2.7492163,-2.2992163,-2.9692163,-2.3892164,-2.6392164
-3.9392164,-6.5792165,-8.529217,-9.469216,-9.779217,-9.239216,-8.099216,-5.589216,-3.1092162,-2.5792162,-4.0992165,-4.2392163,-4.0092163,-7.729216,-4.669216,-4.5292163,-5.3692164,-4.1592164,-1.8892163,-1.8592163,-1.0192163,-1.5792164,-2.7992163,-0.46921632,0.4007837,-3.4192164,-4.2992163,-3.9392164,-5.2192163,-5.689216,-4.749216,-4.1592164,-3.3492162,-4.4692163,-1.3892163,3.4607837,3.5407836,2.8807838,2.6207838,6.4907837,7.1507835,5.9507837,4.8807836,2.1707838,4.120784,2.2407837,1.6807837,4.600784,0.9207837,-0.2992163,-0.8892163,-2.0092163,-2.2392163,-2.1992164,-3.0992162,-3.6192162,-3.6492164,-1.6992164
-5.209216,-7.0092163,-9.139216,-9.679216,-9.269217,-8.569217,-7.6192164,-5.8292165,-4.499216,-4.5592165,-5.729216,-5.669216,-5.4692163,-4.1792164,-3.2592163,-4.2992163,-2.9292164,0.06078369,-1.4392163,-0.7892163,0.21078369,-3.1692164,-2.1892164,-1.9792163,-1.1792163,-3.9492164,-3.5992162,-5.0792165,-3.7892163,-3.1992164,-3.2892163,-4.959216,-3.7792163,1.4907837,4.0107837,1.0107837,3.5507836,3.9207838,4.580784,4.2007837,4.6507835,3.6207838,2.7407837,1.5507836,2.6907837,0.8807837,0.3407837,1.5207837,0.5007837,-0.72921634,-1.3292164,-1.6292163,-1.9392163,-1.9192163,-2.9192164,-3.8192163,-0.79921633,-0.2692163
-6.1792164,-7.5492163,-8.099216,-9.029217,-8.569217,-7.839216,-6.879216,-5.7892165,-5.6792164,-6.0392165,-6.1792164,-6.1192164,-6.2692165,-5.149216,-2.5292163,-0.9592163,-6.3092165,-1.1292163,0.010783691,-0.14921631,-0.8992163,-1.1892163,-1.2292163,-1.7492163,-2.6892164,-3.1692164,-0.009216309,-8.639216,-5.379216,-4.1392164,-3.2592163,-1.5892164,3.9507837,3.3807838,4.5507836,4.0107837,3.9307837,3.1707838,4.0907836,2.2107837,2.3307836,2.0607836,1.9507837,1.0107837,1.3307837,-1.5992163,-0.2592163,-0.14921631,-2.6692164,-3.7992163,-3.8992164,-3.1592164,-2.5392163,-3.3592162,-4.1192164,0.6207837,-0.2592163,-0.6892163
-7.249216,-7.649216,-8.479217,-9.119216,-8.489216,-7.399216,-5.9892163,-5.0392165,-4.9892163,-5.169216,-4.8692164,-5.0492163,-5.4692163,-4.0992165,0.20078368,-2.4692163,-4.4892163,-4.649216,-1.4092163,-1.3692163,0.5407837,-3.1292162,-2.4492164,-5.1592164,-0.6792163,-0.1992163,1.0407836,-2.8092163,-7.3292165,-2.6092162,-1.2092164,6.5107837,5.750784,5.1907835,5.1907835,3.9807837,4.000784,3.3507836,1.8907837,1.7907836,1.9007837,1.6207837,1.6807837,1.4307837,0.3907837,-1.0192163,-0.9892163,-0.8192163,-3.6492164,-4.3092165,-4.5692163,-4.3092165,-4.0292163,-4.0592165,-0.8492163,-1.4492164,0.5407837,0.03078369
-7.0392165,-7.0792165,-7.249216,-7.2992163,-6.649216,-6.149216,-5.5492163,-4.649216,-4.4692163,-4.0992165,-4.979216,-5.4092164,-5.2992163,-4.3092165,-1.9492164,-0.27921632,-1.1192163,-8.649217,-6.7892165,-3.3792162,-0.049216308,0.7807837,0.8807837,-2.4892163,-0.5792163,-1.6192163,0.4907837,0.9407837,-3.4992163,-2.9292164,-0.91921633,6.7607837,5.7107835,5.1507835,4.8807836,4.410784,3.6107836,2.5307837,1.1607836,1.1007837,0.3907837,0.9107837,2.1307838,1.0007837,-0.23921631,-0.3192163,-4.149216,-0.9592163,-2.7992163,-4.6992164,-4.4292164,-4.2392163,-2.0892162,-1.9892163,-0.8792163,-1.7792163,-2.8592162,-3.6692164
-6.1592164,-6.8692164,-7.0792165,-6.8692164,-6.3492165,-5.5192165,-4.4892163,-3.9092164,-3.6892164,-4.0592165,-4.0992165,-4.499216,-4.8692164,-4.7892165,-3.6792164,-3.0192163,-2.1292162,-3.6792164,-6.9492164,-5.959216,-0.85921633,0.9107837,0.3207837,-2.9192164,-2.9092164,-5.0092163,-2.5092163,-2.6792164,0.10078369,-1.0192163,1.2007837,5.9707837,4.6707835,6.4807835,6.0507836,3.9907837,3.0907836,1.6607836,-0.2192163,-0.7892163,-0.43921632,0.4607837,0.09078369,-0.6392163,-1.5892164,-3.2292163,-4.2192163,-3.2792163,-4.3492165,-3.9792163,-3.7992163,-3.9292164,-2.2392163,-1.7392163,-2.4292164,-2.8592162,-2.7092164,-0.60921633
-5.209216,-5.7792163,-6.1392164,-6.0692163,-5.4492164,-4.5592165,-4.5792165,-4.6992164,-4.3192163,-3.7092164,-3.5092163,-3.6692164,-4.1992164,-4.5492163,-4.669216,-3.8092163,-2.4292164,-1.4092163,-4.499216,-6.609216,-3.7092164,-0.2492163,0.5307837,-1.1692163,-0.17921631,-4.249216,-5.0492163,-1.7092164,-0.2592163,2.2807837,2.5807836,5.520784,2.7007837,6.7207837,5.6907835,3.9607837,2.3707838,0.7207837,-0.8392163,-1.4292163,-0.66921633,0.3507837,-0.5592163,-2.0592163,-1.9992163,-4.0392165,-5.0192165,-5.439216,-4.899216,-6.379216,-2.7692163,-1.8192163,-2.3092163,-3.0692163,-2.4992163,-0.06921631,-0.33921632,-1.3392164
-4.7992163,-5.0492163,-5.1192164,-5.0592165,-5.1592164,-5.1392164,-4.8492165,-4.6992164,-4.9692163,-4.6592164,-4.709216,-4.839216,-4.8292165,-5.3292165,-5.0292163,-4.5192165,-2.7892163,-4.669216,0.3707837,-8.919216,-5.3692164,-3.4592164,-0.43921632,0.4907837,1.4807837,-1.2892163,-4.0492163,-1.7592163,-2.0292163,0.89078367,1.6807837,4.060784,1.5707837,5.5907836,5.350784,3.7507837,1.5607837,1.0707837,0.11078369,-0.7592163,-0.8992163,-1.1692163,-3.9892163,-3.6792164,-4.089216,-3.0892162,-3.2392163,-2.6392164,-3.4392164,-1.8092163,-2.0792162,-2.5392163,-1.6892163,-1.0892164,-0.6392163,-1.1992164,0.040783692,3.3307836
-4.6192164,-4.2792163,-4.5292163,-4.7992163,-4.8492165,-4.9092164,-4.709216,-4.339216,-4.4092164,-3.9592164,-3.9692163,-3.9792163,-4.359216,-5.1192164,-5.459216,-4.839216,-4.4492164,-4.419216,-3.0592163,-6.8192163,-6.0192165,-4.6192164,-4.1792164,-0.019216308,0.15078369,-0.5092163,-0.5592163,0.70078367,2.9507837,0.3307837,1.0807837,2.3807838,3.4707837,5.7307835,4.0307837,3.1907837,0.9707837,-0.33921632,-1.8092163,-2.9092164,-2.7392163,-4.8192163,-5.7192163,-5.209216,-2.2892163,-2.5492163,-1.7892163,-0.009216309,-0.43921632,-0.17921631,-1.5892164,-4.1392164,-3.9492164,-2.6092162,-1.5592163,-0.9492163,1.2507837,1.8507837
-4.9292164,-4.7792163,-4.6992164,-4.7192163,-5.379216,-5.5292163,-4.979216,-4.669216,-4.2392163,-3.9392164,-3.8492162,-4.5192165,-5.0792165,-4.8492165,-4.2892165,-4.5392165,-4.9292164,-3.3292162,-3.2492163,-6.2892165,-6.2192163,-5.999216,-4.939216,0.4807837,-1.0592163,-0.33921632,-1.6292163,-0.10921631,-1.4492164,-0.06921631,1.7507837,4.3007836,4.7807837,6.0507836,4.9007835,2.8307836,0.3307837,-2.9192164,-1.1792163,-1.6592163,-1.7292163,-1.5592163,-3.0792162,0.9307837,1.1207837,2.7707837,2.0507836,1.5307837,1.1707836,0.8807837,1.1607836,-1.8892163,-1.7692163,-0.6192163,-0.6492163,0.02078369,-0.9392163,0.3907837
-6.0092163,-5.709216,-5.479216,-5.0792165,-4.6792164,-4.999216,-5.1392164,-5.3692164,-4.7692165,-4.149216,-4.3092165,-3.4192164,-3.9692163,-4.5092163,-5.1592164,-5.479216,-5.189216,-5.0992165,-3.9992163,-5.879216,-6.089216,-5.9492164,-7.0692163,1.3207837,2.8607836,1.3207837,0.6807837,0.25078368,-1.4492164,-4.689216,0.4507837,0.18078369,3.5207837,4.830784,3.1007836,1.1207837,-2.4792163,-6.0192165,-0.03921631,-0.85921633,-0.8892163,-6.3492165,-1.3192163,0.9607837,0.8107837,1.8407837,0.6107837,-0.60921633,-1.0092163,-0.72921634,-0.2692163,-0.029216308,0.6507837,0.77078366,1.5907837,-1.1192163,-3.0592163,0.1907837
-5.479216,-5.479216,-5.0692163,-4.5492163,-4.5592165,-4.5792165,-4.749216,-4.7692165,-4.9092164,-4.7592163,-4.3692164,-4.0192165,-4.3092165,-4.5092163,-5.1792164,-5.459216,-5.7392163,-5.6192164,-5.169216,-5.2992163,-5.999216,-5.899216,-6.8192163,-5.919216,0.3207837,1.4307837,1.0307837,1.9907837,0.21078369,0.7807837,2.7607837,0.6707837,-0.30921632,1.6007837,0.41078368,-0.9592163,-3.0592163,-1.6492163,0.11078369,0.4507837,-0.4592163,-4.839216,-2.1092162,0.3707837,-0.2192163,0.1707837,-1.0992163,-1.4492164,-1.4792163,-0.8692163,-0.17921631,1.9107836,3.0607836,2.0807836,-0.27921632,-2.4692163,-1.7292163,-1.3292164
-5.3892164,-5.629216,-4.8692164,-4.649216,-4.229216,-4.2592163,-4.7792163,-4.8892164,-5.129216,-4.879216,-4.919216,-4.1192164,-4.439216,-4.6392164,-5.0092163,-4.839216,-3.7592163,-4.7692165,-5.1992164,-5.5692163,-5.899216,-5.9692163,-5.609216,-4.129216,-3.0592163,-1.0392163,1.1107837,-0.36921632,-0.7792163,-0.07921631,-0.8492163,-0.15921631,0.44078368,0.3207837,-1.4992163,-1.1992164,0.120783694,-1.3492163,-1.0292163,-1.3092163,-3.6592164,-4.6992164,-4.0092163,-0.15921631,-0.7492163,-1.9892163,-1.9792163,-2.0992162,-2.1592164,-1.9392163,0.83078367,0.6607837,3.1107836,3.1507838,0.1407837,2.2207837,2.2307837,-1.8892163
-4.709216,-4.4692163,-4.7392163,-4.4892163,-4.6192164,-4.6192164,-4.6192164,-4.2892165,-4.499216,-4.2592163,-4.209216,-4.5792165,-4.9492164,-5.7192163,-5.669216,-5.5292163,-5.0292163,-5.4292164,-5.6792164,-6.4092164,-6.669216,-5.9492164,-4.959216,-4.089216,-3.9292164,-2.3292162,-1.0392163,-1.9392163,0.8107837,1.0707837,1.1307837,1.0307837,-0.3592163,-2.2692163,-0.72921634,-0.7492163,-0.6892163,-0.66921633,-1.1392163,-1.2292163,-6.7892165,-5.459216,-2.6692164,-1.2292163,-2.0592163,-2.8292162,-2.0292163,-1.2892163,-1.7492163,-0.9992163,1.0507836,1.8707837,1.1207837,0.6207837,1.0207837,1.7707837,0.28078368,-2.3692162
-5.189216,-5.209216,-4.6792164,-4.1792164,-4.109216,-4.1992164,-4.089216,-3.9992163,-3.9992163,-4.2192163,-4.4092164,-5.089216,-5.6792164,-5.879216,-5.669216,-4.999216,-4.9892163,-5.689216,-6.149216,-5.4492164,-5.249216,-4.6992164,-4.7192163,-4.0392165,-2.5092163,-2.4292164,-1.7492163,-0.8292163,0.3207837,1.0907837,-0.03921631,0.7407837,0.6007837,-9.969216,0.41078368,-0.05921631,-1.4792163,-0.6492163,-1.7792163,-0.6792163,-4.419216,-2.6992164,0.1407837,-0.7192163,-3.3592162,-3.7792163,-0.10921631,-1.4792163,-1.4692163,-0.8492163,-0.6792163,1.3107837,1.2207837,0.080783695,-0.2492163,-1.7892163,-1.6392163,-1.4792163
-5.0992165,-5.359216,-5.4692163,-4.9492164,-4.9692163,-4.129216,-3.6292162,-3.6292162,-4.2592163,-4.629216,-4.8892164,-5.3192163,-5.249216,-5.399216,-5.3692164,-5.249216,-5.7192163,-5.629216,-4.9892163,-5.4092164,-4.2892165,-4.6592164,-4.689216,-4.479216,-4.649216,-2.7592163,-1.8192163,-0.7092163,-0.9092163,-0.8992163,-0.91921633,0.6207837,1.1607836,-4.5492163,-1.0392163,0.21078369,-0.06921631,-0.3592163,-1.6192163,-1.3492163,-1.2892163,-1.4492164,-0.4092163,-0.60921633,-1.9092163,-2.9892163,-1.9092163,-1.0592163,-1.2692163,-1.3392164,-1.2592163,0.23078369,-0.43921632,-1.3392164,-1.7092164,-0.8292163,0.31078368,0.4007837
-4.609216,-5.5992165,-5.189216,-5.0792165,-4.6392164,-4.2892165,-4.6192164,-5.669216,-5.0592165,-5.2792163,-5.2192163,-5.229216,-5.1192164,-5.209216,-5.419216,-5.899216,-6.669216,-6.2792163,-6.2992163,-5.4892163,-5.8892164,-4.8292165,-4.229216,-3.5992162,-4.5092163,-4.5192165,-3.3592162,-2.8992164,-2.7392163,-2.1192162,-1.1592163,2.3207836,-2.6392164,-3.0092163,-4.3492165,1.1707836,0.9807837,-0.2292163,0.4607837,0.77078366,-2.3792162,-1.1392163,-1.2092164,-0.7492163,-1.4692163,-3.6592164,-2.1692164,-2.3692162,-2.5792162,-2.6092162,-1.8392164,-0.3292163,-1.3292164,-0.7792163,-0.4292163,-0.5592163,-0.09921631,-0.8092163
-4.609216,-4.729216,-5.0692163,-4.649216,-4.8892164,-5.609216,-6.249216,-6.7892165,-5.9892163,-7.0392165,-6.8192163,-6.669216,-6.749216,-7.3692164,-7.149216,-7.1992164,-6.9692163,-6.5092163,-6.4892163,-5.709216,-4.4292164,-4.3892164,-4.3692164,-3.8092163,-4.439216,-4.359216,-4.129216,-3.2392163,-3.4192164,-4.3692164,-3.2292163,-4.089216,-4.0992165,-3.8392162,-2.7592163,-0.009216309,1.2607837,1.2207837,1.0607837,0.120783694,0.2207837,-0.3192163,-1.7692163,-1.6292163,-1.1792163,-4.609216,-3.2392163,-3.5292163,-3.7792163,-3.7892163,-2.5192163,-2.6492164,-1.6592163,-2.0192163,-2.4892163,-2.4792163,-1.3792163,-0.6292163
