tmp/wind-global.json
{"header": {"discipline":0,"disciplineName":"Meteorological products","gribEdition":2,"gribLength":77823,"center":7,"centerName":"US National Weather Service - NCEP(WMC)","subcenter":0,"refTime":"2021-01-19T00:00:00.000Z","significanceOfRT":1,"significanceOfRTName":"Start of forecast","productStatus":0,"productStatusName":"Operational products","productType":1,"productTypeName":"Forecast products","productDefinitionTemplate":0,"productDefinitionTemplateName":"Analysis/forecast at horizontal level/layer at a point in time","parameterCategory":2,"parameterCategoryName":"Momentum","parameterNumber":2,"parameterNumberName":"U-component_of_wind","parameterUnit":"m.s-1","genProcessType":2,"genProcessTypeName":"Forecast","forecastTime":0,"surface1Type":103,"surface1TypeName":"Specified height level above ground","surface1Value":10.0,"surface2Type":255,"surface2TypeName":"Missing","surface2Value":0.0,"gridDefinitionTemplate":0,"gridDefinitionTemplateName":"Latitude_Longitude","numberPoints":65160,"shape":6,"shapeName":"Earth spherical with radius of 6,371,229.0 m","gridUnits":"degrees","resolution":48,"winds":"true","scanMode":0,"nx":360,"ny":181,"basicAngle":0,"lo1":0.0,"la1":90.0,"lo2":359.0,"la2":-90.0,"dx":1.0,"dy":1.0}, "data":
[rows 130 to 155 of 181, columns 116 to 173 of 360]
-0.91301024,-5.0930104,-5.0930104,-4.49301,-3.0130103,-2.2130103,-1.3930103,-3.8430102,-2.9830103,-2.7530103,-2.7630103,-2.1730103,-1.4430102,-2.9830103,-2.4230103,-2.6330101,-2.2230103,-4.22301,-2.7530103,-3.2730103,-3.9630103,-4.29301,-4.2830105,-4.1130104,-3.6530104,-3.0330102,-1.9830103,-0.88301027,0.92698973,4.2269897,6.3269897,4.29699,2.8069897,3.4969897,8.03699,8.336989,9.97699,10.9669895,11.94699,12.296989,13.42699,13.956989,14.76699,15.0069895,16.53699,17.24699,17.91699,18.87699,18.526989,17.56699,16.80699,13.85699,13.60699,14.876989,12.36699,10.456989,9.42699,10.39699
0.44698974,-1.1730102,-1.9230102,-1.4330102,-1.3830103,-1.0230103,-2.0130103,-3.0830102,-1.8230102,-2.6630104,-1.5930103,-1.0730102,-0.95301026,-1.8630103,-1.3630103,-1.0530102,-2.2130103,-2.7630103,-1.6030103,-2.3430102,-2.8830101,-3.1130102,-3.1630104,-2.9830103,-2.2930102,-1.5230103,-0.46301025,-0.043010253,1.1669898,1.7969898,2.2369897,4.2469897,1.5969898,5.2269897,7.9769897,9.2569895,11.18699,11.49699,12.86699,13.5069895,14.31699,14.89699,15.61699,16.55699,17.74699,18.20699,18.71699,18.31699,18.12699,17.31699,16.63699,15.85699,15.80699,11.44699,13.73699,9.126989,3.7969897,4.39699
0.47698975,1.7369897,0.17698975,-0.31301025,-0.82301027,-1.4430102,-2.2430103,-1.6230103,-0.54301023,-0.91301024,-0.6930103,-0.37301025,-0.5530102,0.016989745,-0.53301024,0.30698976,-1.3630103,-1.3330102,-0.33301026,-0.67301023,-0.8630102,-1.2330103,-1.2330103,-1.0230103,-0.66301024,0.046989746,0.64698976,0.84698975,1.6069897,0.85698974,0.60698974,3.0669897,1.8669897,9.30699,9.126989,9.86699,11.23699,12.086989,12.07699,12.92699,14.44699,15.796989,16.36699,16.86699,17.21699,18.11699,18.64699,18.14699,17.59699,17.28699,16.62699,15.93699,14.55699,15.836989,12.22699,8.94699,1.2969898,5.9669895
1.6769898,1.8869897,2.2069898,0.6269897,0.09698974,-0.52301025,-1.0030103,0.25698975,0.7569897,0.89698976,0.6269897,0.79698974,0.15698975,1.0669898,1.3369898,1.5469898,0.59698975,1.0569898,1.8569897,1.9869897,1.5569898,1.5869898,1.1869898,0.71698976,1.1569897,1.6469897,2.4869897,2.6469898,3.5769897,2.8669899,1.7769897,2.0369897,6.33699,9.84699,9.88699,10.82699,11.336989,11.47699,12.796989,13.706989,14.7569895,15.28699,15.5069895,16.96699,17.67699,18.72699,18.36699,18.34699,17.61699,16.90699,16.59699,16.24699,15.4669895,14.30699,15.03699,3.5169897,-2.8330102,7.02699
2.6869898,2.0169897,1.8869897,0.97698975,0.7469897,0.30698976,0.92698973,0.8069897,1.9169898,2.6869898,1.0769898,1.9169898,1.4169898,2.4469898,2.7369897,2.9769897,2.9269898,3.1269898,2.9869897,3.5469897,3.8469896,3.2769897,2.5669897,2.4269898,3.0669897,3.5069897,4.1369896,4.6369896,5.29699,5.3869896,7.3469896,7.95699,9.13699,9.9669895,10.876989,11.296989,11.546989,11.2569895,12.956989,14.78699,14.49699,14.36699,14.76699,16.65699,18.54699,19.34699,20.89699,22.08699,20.11699,18.48699,17.15699,15.92699,13.86699,3.3769898,2.7169898,-1.3530103,2.8269897,-2.3030102
1.9569898,2.8969898,1.1369897,1.1269897,0.45698974,1.2069898,1.1669898,1.3169898,1.7769897,1.7469897,2.4769897,2.5969896,3.7569897,3.4669898,4.25699,3.8369896,2.4269898,3.3469896,4.41699,5.14699,5.10699,4.64699,4.52699,4.6569896,4.70699,5.3269897,5.62699,6.0569897,6.91699,7.2669897,8.93699,9.31699,10.59699,10.2169895,10.586989,10.74699,10.40699,11.9669895,12.76699,14.30699,13.90699,14.0069895,15.51699,17.51699,19.526989,21.96699,23.37699,21.73699,18.86699,18.276989,16.39699,12.05699,2.5269897,2.7569897,1.3869897,4.2469897,-8.7830105,-7.9030104
2.9969897,2.5269897,1.9069897,1.4869897,1.2769897,1.7669897,1.6969898,1.7069898,1.9869897,2.6169899,3.5969896,2.7669897,3.8569899,4.56699,5.31699,4.64699,4.2869897,5.6369896,6.0969896,6.2169895,6.1169896,6.00699,6.3069897,6.1369896,6.1769896,6.5569897,7.1569896,7.1569896,8.14699,8.68699,9.30699,9.38699,10.44699,10.36699,10.49699,10.586989,10.706989,11.67699,12.74699,13.24699,12.97699,13.81699,15.68699,17.61699,21.29699,22.32699,17.07699,16.32699,13.64699,13.51699,12.456989,2.7869897,1.0269897,3.0769897,-0.64301026,9.39699,-6.56301,-5.6330104
2.9769897,2.2969897,3.9969897,2.0869896,2.1269898,1.8069898,1.9469898,1.9869897,2.1369898,3.0469897,3.4969897,3.5469897,4.4669895,4.1169896,5.4269896,5.4269896,5.56699,5.98699,6.9069896,7.2269897,7.2169895,7.3069897,7.12699,7.0169897,7.1369896,7.54699,7.9969897,8.206989,8.78699,9.19699,9.78699,9.956989,9.82699,10.85699,10.39699,10.456989,11.086989,11.72699,12.126989,12.43699,12.43699,13.4669895,14.76699,17.776989,17.74699,13.28699,12.60699,11.796989,10.76699,8.7169895,7.62699,7.50699,1.9269898,2.7969897,2.2469897,3.3369896,-2.6330101,-10.94301
4.1969895,3.1769898,3.0869896,2.3469896,2.2969897,1.9869897,2.2369897,2.4769897,2.9669898,4.04699,4.75699,4.10699,3.7369897,4.1969895,5.2169895,6.1769896,5.7869897,6.33699,6.89699,7.89699,8.14699,8.046989,7.85699,8.06699,7.79699,8.14699,8.416989,8.956989,9.32699,9.416989,10.13699,9.77699,10.39699,10.56699,10.84699,10.7169895,10.81699,10.97699,11.67699,11.89699,12.10699,12.086989,13.31699,13.88699,13.56699,11.88699,10.90699,7.35699,3.9369898,3.0769897,3.2169898,2.5869896,4.81699,1.7569897,1.3969897,2.1769898,-0.89301026,-10.77301
3.6569898,3.2869897,2.4669898,2.2669897,2.7069898,2.7969897,2.3969898,3.5069897,3.8269897,3.5969896,3.8269897,3.4069898,3.2969897,5.7869897,5.77699,6.4669895,6.79699,7.14699,7.4069896,7.9469895,8.36699,8.40699,8.666989,8.456989,8.51699,8.53699,8.916989,9.14699,9.86699,9.59699,9.97699,9.72699,10.76699,10.4669895,10.48699,10.44699,10.2169895,10.42699,10.24699,10.5069895,10.42699,10.7169895,11.19699,11.89699,12.69699,8.046989,2.0269897,-1.6430103,-1.5830102,-1.5030103,-2.3430102,-1.5830102,-2.0630102,0.86698973,-7.9030104,-4.2830105,-5.39301,-9.67301
4.10699,4.37699,4.37699,3.5969896,2.9269898,3.8469896,3.5069897,3.4269898,3.6069899,3.6269898,4.04699,3.9669898,4.70699,6.2869897,6.1569896,6.3669896,7.4069896,7.6769896,8.05699,8.74699,8.88699,8.336989,8.836989,8.52699,8.92699,9.07699,9.416989,9.51699,9.92699,9.90699,10.34699,10.05699,10.13699,9.876989,9.82699,9.94699,9.48699,9.59699,8.836989,9.0069895,8.4669895,8.10699,8.44699,8.166989,4.8869896,-0.9930103,-1.5130103,-3.1030102,-4.72301,-4.8630104,-3.1030102,-4.29301,-3.7630103,-11.34301,-9.94301,-6.45301,-5.0730104,-5.5030103
4.04699,4.75699,5.0169897,4.73699,4.4769897,4.50699,4.10699,4.35699,4.66699,4.3669896,4.48699,5.02699,5.64699,6.56699,6.7669897,7.0969896,7.52699,8.296989,9.43699,9.73699,9.11699,8.97699,8.44699,7.9669895,8.80699,8.9669895,9.98699,9.57699,9.56699,10.2169895,9.17699,9.22699,9.046989,9.11699,9.34699,9.13699,8.706989,8.52699,7.52699,7.54699,6.02699,5.3469896,4.73699,4.9969897,1.8569897,2.7169898,-0.41301024,-1.9830103,-2.1130102,-4.51301,-1.6530102,-3.3230102,-9.873011,-10.63301,-8.15301,-6.8030105,-9.17301,-8.13301
2.8669899,3.8769898,5.10699,5.7269897,6.00699,5.7869897,5.48699,5.8469896,5.8269897,5.9469895,6.4069896,6.77699,7.27699,7.6969895,7.6169896,8.06699,8.2169895,8.94699,10.31699,9.76699,8.84699,8.44699,7.4769897,7.29699,8.44699,9.43699,9.586989,9.74699,9.586989,9.89699,9.03699,8.376989,8.47699,8.80699,9.03699,8.56699,7.87699,7.6569896,6.45699,5.77699,4.50699,3.0769897,2.0369897,1.8769897,0.98698974,-4.76301,-2.7230103,-3.7230103,-6.56301,-4.5730104,-10.19301,-12.77301,-11.52301,-8.05301,-8.50301,-9.60301,-9.73301,-9.953011
3.8669899,3.8469896,4.06699,5.83699,6.45699,7.00699,7.0769897,7.1969895,7.64699,7.08699,7.50699,7.87699,8.40699,8.67699,8.4669895,8.56699,9.09699,9.36699,9.56699,9.98699,9.09699,7.79699,6.29699,7.7169895,8.626989,9.916989,10.296989,10.13699,9.796989,10.18699,9.38699,8.69699,8.53699,8.7569895,9.13699,7.95699,7.8669896,7.18699,6.14699,4.62699,3.4569898,1.4169898,0.49698976,-0.013010254,-0.66301024,-3.2130103,-11.0330105,-15.163011,-17.35301,-16.25301,-13.92301,-11.65301,-11.23301,-10.07301,-9.71301,-9.873011,-8.69301,-8.15301
6.3669896,6.0969896,6.16699,5.98699,6.23699,7.31699,7.9969897,8.166989,8.956989,8.74699,8.48699,8.92699,8.796989,9.2169895,8.92699,9.2569895,8.97699,9.336989,9.916989,10.14699,9.22699,7.2669897,6.0769897,6.98699,8.2169895,9.39699,9.48699,10.31699,9.98699,10.35699,9.88699,9.34699,9.18699,8.80699,8.84699,8.09699,7.79699,6.2669897,6.20699,3.8969898,3.4769897,1.9169898,-0.41301024,-0.9930103,-1.9330102,-3.1430101,-5.91301,-10.39301,-11.7430105,-11.50301,-11.583011,-10.60301,-9.543011,-8.75301,-7.87301,-7.20301,-6.74301,-5.47301
6.89699,6.95699,6.43699,6.9069896,7.3869896,8.44699,8.52699,8.84699,8.81699,9.36699,9.30699,9.10699,9.416989,9.56699,9.57699,9.586989,9.55699,9.76699,10.65699,10.28699,9.03699,6.9269896,6.7869897,6.8069897,8.666989,8.88699,8.10699,10.06699,10.06699,10.24699,9.0069895,9.14699,10.17699,9.13699,9.26699,8.93699,7.85699,6.87699,6.5569897,4.5769897,4.10699,2.8469896,0.95698977,-0.7530103,-1.2430103,-2.1330101,-3.3930101,-5.5230103,-8.23301,-9.7430105,-9.083011,-8.40301,-8.27301,-7.68301,-7.18301,-6.20301,-3.8830101,-3.8630102
6.85699,7.5769897,9.09699,8.836989,8.64699,8.9669895,9.74699,9.39699,9.32699,9.666989,9.78699,9.4669895,9.60699,9.74699,9.93699,10.30699,10.53699,10.65699,10.73699,9.796989,8.05699,6.52699,5.77699,8.22699,9.40699,8.42699,7.9969897,8.85699,9.74699,9.72699,9.24699,8.9669895,10.836989,9.97699,9.956989,9.32699,8.31699,7.4769897,6.89699,5.9769897,4.5169897,4.12699,2.7369897,2.1669898,0.40698975,-0.9930103,-1.6830102,-2.4130104,-5.0330105,-6.6130104,-7.1330104,-5.9830103,-5.8030105,-7.01301,-6.24301,-5.16301,-3.9330103,-2.8330102
7.2669897,8.80699,9.7569895,9.55699,8.59699,10.68699,10.94699,10.15699,9.626989,10.05699,9.97699,9.72699,9.53699,9.49699,9.77699,10.60699,10.84699,10.706989,9.47699,7.5569897,5.5569897,4.8869896,6.0769897,8.34699,8.57699,8.49699,9.28699,9.17699,10.09699,9.97699,9.80699,9.51699,9.77699,10.626989,10.13699,10.27699,9.17699,8.73699,8.30699,8.22699,6.37699,4.89699,4.7269897,4.4469895,3.9869897,2.4469898,0.71698976,-0.54301023,-0.60301024,-2.3430102,-3.7830102,-4.31301,-5.49301,-4.56301,-4.3430104,-3.7430103,-3.7630103,-3.4730103
6.58699,7.56699,8.69699,9.18699,8.56699,10.49699,10.56699,11.09699,10.49699,9.65699,9.586989,9.31699,9.67699,9.72699,10.31699,10.31699,10.39699,9.706989,6.5969896,4.54699,3.2269897,4.00699,5.39699,8.63699,8.82699,9.40699,10.17699,10.86699,11.05699,10.836989,10.93699,11.06699,11.31699,11.19699,11.09699,11.01699,10.5069895,9.81699,9.64699,9.90699,9.51699,8.456989,7.54699,6.8469896,6.3669896,5.50699,4.3269897,3.2369897,2.6669898,1.8769897,1.7769897,2.1369898,0.5669897,0.036989745,-0.47301024,-0.76301026,0.32698974,0.77698976
7.3069897,9.456989,9.836989,9.19699,10.57699,10.94699,10.06699,10.64699,9.18699,9.02699,9.2169895,9.09699,9.24699,9.85699,9.336989,9.55699,8.69699,5.39699,1.4369898,0.016989745,1.0569898,4.2269897,6.66699,7.79699,9.4669895,10.31699,11.26699,11.7169895,11.73699,11.68699,12.39699,12.336989,12.126989,11.84699,11.49699,11.77699,11.7569895,11.31699,11.2169895,11.376989,11.72699,11.22699,10.39699,9.43699,7.8869896,7.5969896,7.2669897,6.4069896,5.73699,4.7669897,5.1769896,4.93699,3.9569898,3.5669897,3.0669897,2.9069898,1.9169898,2.0069897
8.0069895,9.336989,9.49699,8.35699,9.2569895,9.97699,9.126989,8.02699,7.3669896,6.79699,7.12699,7.8869896,7.8469896,8.17699,7.41699,4.1169896,-0.64301026,-1.9430102,-2.6330101,0.086989745,2.9869897,3.3369896,6.0769897,7.87699,9.07699,10.9669895,11.74699,12.06699,12.44699,13.24699,13.28699,12.9669895,12.88699,13.06699,13.14699,13.416989,13.4669895,13.26699,13.126989,13.376989,13.336989,13.23699,12.336989,11.44699,10.86699,9.53699,9.23699,8.59699,8.02699,7.3469896,6.5569897,6.87699,6.1369896,5.02699,4.45699,4.1769896,3.8569899,3.4969897
9.59699,9.36699,7.41699,7.77699,9.416989,8.626989,8.59699,8.24699,7.12699,7.83699,5.85699,4.02699,0.91698974,-2.4730103,-4.33301,-5.8630104,-5.7330103,-1.9930103,0.77698976,0.9469898,2.0169897,3.9769897,6.4969897,9.02699,10.64699,11.77699,12.27699,12.89699,13.26699,13.72699,13.68699,14.206989,14.2569895,14.85699,15.35699,15.5069895,15.336989,15.32699,15.28699,15.0069895,14.69699,14.046989,12.98699,12.42699,11.586989,10.82699,9.73699,9.19699,9.046989,8.0069895,7.20699,7.33699,6.33699,5.29699,4.62699,5.16699,5.5169897,6.7669897
8.10699,8.42699,8.48699,8.626989,8.94699,9.36699,8.78699,6.37699,3.5369897,-2.5230103,-4.1930103,-6.54301,-8.203011,-7.89301,-5.8230104,-3.2830102,-1.8530103,-0.72301024,0.65698975,2.9369898,5.1769896,7.04699,8.67699,10.166989,11.52699,12.09699,12.836989,13.4669895,13.89699,14.80699,14.98699,15.44699,15.85699,16.08699,16.186989,16.71699,16.59699,16.07699,15.86699,16.65699,16.25699,15.336989,14.416989,13.23699,12.32699,11.336989,10.22699,8.90699,8.18699,7.18699,7.12699,7.04699,6.3869896,5.25699,4.4469895,4.3469896,5.4469895,6.1169896
11.13699,9.36699,7.23699,4.4669895,2.1369898,-2.4930103,-7.5230103,-8.98301,-10.40301,-9.76301,-9.13301,-8.293011,-6.7330103,-4.8830104,-3.5330102,-1.8830103,0.35698974,2.5069897,4.7669897,6.58699,8.09699,9.09699,10.44699,11.796989,12.57699,12.86699,13.2569895,14.23699,14.89699,15.5069895,15.956989,15.53699,15.416989,15.626989,15.456989,15.63699,15.97699,16.06699,15.88699,14.82699,13.206989,11.86699,10.05699,9.666989,9.65699,9.206989,8.4669895,7.91699,7.35699,6.06699,5.7469897,5.8469896,5.5569897,4.35699,2.9569898,3.1269898,4.04699,4.2469897
-11.40301,-9.84301,-8.40301,-9.083011,-8.623011,-9.083011,-10.05301,-9.26301,-8.07301,-7.70301,-7.08301,-5.5230103,-3.6830103,-1.7130103,-1.3530103,0.17698975,3.1269898,5.79699,7.50699,9.09699,9.89699,10.626989,11.626989,12.916989,12.97699,13.48699,13.916989,14.5069895,14.166989,14.0069895,13.86699,12.92699,13.15699,13.48699,13.98699,14.0069895,13.86699,13.40699,13.07699,12.0069895,11.10699,10.09699,9.35699,6.91699,6.1769896,5.00699,4.5369897,4.6569896,5.31699,4.5169897,4.0369897,4.41699,4.1369896,3.1969898,2.5169897,3.3169897,3.7369897,3.5069897
-6.89301,-6.99301,-7.43301,-7.6330104,-8.413011,-8.85301,-8.27301,-6.5230103,-6.37301,-5.8830104,-4.37301,-3.5430102,-2.0730102,0.14698975,1.4469898,3.8669899,6.35699,7.79699,8.28699,8.64699,9.31699,11.086989,12.206989,12.22699,12.22699,12.09699,11.27699,11.876989,10.59699,9.30699,9.57699,9.52699,8.9669895,8.92699,10.11699,9.48699,10.086989,8.01699,5.9069896,4.6169896,4.16699,4.1769896,3.1669898,1.0869898,-1.3330102,-0.26301026,0.95698977,1.3169898,1.9369898,1.9169898,1.8269898,2.1069899,1.6269897,1.4569898,1.4769897,3.0169897,2.1869898,3.0269897
