tmp/wind-global.json
{"header": {"discipline":0,"disciplineName":"Meteorological products","gribEdition":2,"gribLength":78379,"center":7,"centerName":"US National Weather Service - NCEP(WMC)","subcenter":0,"refTime":"2020-10-15T00:00:00.000Z","significanceOfRT":1,"significanceOfRTName":"Start of forecast","productStatus":0,"productStatusName":"Operational products","productType":1,"productTypeName":"Forecast products","productDefinitionTemplate":0,"productDefinitionTemplateName":"Analysis/forecast at horizontal level/layer at a point in time","parameterCategory":2,"parameterCategoryName":"Momentum","parameterNumber":3,"parameterNumberName":"V-component_of_wind","parameterUnit":"m.s-1","genProcessType":2,"genProcessTypeName":"Forecast","forecastTime":0,"surface1Type":103,"surface1TypeName":"Specified height level above ground","surface1Value":10.0,"surface2Type":255,"surface2TypeName":"Missing","surface2Value":0.0,"gridDefinitionTemplate":0,"gridDefinitionTemplateName":"Latitude_Longitude","numberPoints":65160,"shape":6,"shapeName":"Earth spherical with radius of 6,371,229.0 m","gridUnits":"degrees","resolution":48,"winds":"true","scanMode":0,"nx":360,"ny":181,"basicAngle":0,"lo1":0.0,"la1":90.0,"lo2":359.0,"la2":-90.0,"dx":1.0,"dy":1.0}, "data":
[rows 104 to 129 of 181, columns 0 to 58 of 360]
6.262949,6.002949,6.202949,6.2129493,5.272949,4.8229494,5.082949,5.562949,4.9229493,3.8429492,2.3529491,1.4329492,0.11294922,0.2829492,0.17294922,-1.1070508,-1.1970508,-1.1970508,-0.9570508,0.03294922,0.13294922,-0.12705079,-0.6970508,0.39294922,0.11294922,0.21294922,0.20294923,1.3429493,1.0829492,1.3129492,1.6629492,1.1729492,5.6129494,2.4329493,1.3229492,8.862949,3.4429493,1.0229492,1.6529492,3.3529491,3.8029492,10.562949,10.112949,8.682949,7.0929494,5.6729493,-4.9070506,-0.9870508,1.1429492,0.9029492,0.7329492,5.242949,4.6929493,3.6029491,4.0329494,1.8029492,3.1029491,3.6229491,4.162949
6.7829494,6.8429494,5.9229493,6.602949,5.9029493,5.892949,5.522949,5.262949,5.0929494,3.9629493,2.3429492,-0.42705077,-1.7970508,-0.4670508,-1.6370507,-0.5970508,-1.5570508,-1.9670508,-2.0470507,-1.6670508,-1.5670508,-1.5670508,0.8029492,-0.8970508,-0.47705078,0.19294922,-0.03705078,0.0029492187,0.2829492,0.74294925,2.3129492,2.5529492,3.3629491,3.882949,2.2229493,1.4729493,3.4629493,1.4129492,5.0329494,4.142949,3.8429492,11.41295,10.572949,9.29295,7.6129494,5.1929493,3.9229493,0.8629492,1.6529492,-0.3770508,1.1129493,3.4629493,2.9529493,3.0229492,3.132949,2.4429493,3.3429492,2.9329493,3.1829493
5.8229494,6.502949,7.0529494,6.222949,6.512949,6.252949,6.1929493,5.6929493,4.8429494,4.272949,3.392949,2.1629493,-1.2570508,-1.5770508,-1.4170508,-0.17705078,-1.1570507,0.3729492,-0.7370508,-0.4070508,-0.8570508,0.26294923,-0.11705078,0.24294922,0.26294923,-0.11705078,0.06294922,0.06294922,0.012949219,-0.8870508,1.2829492,1.2229493,2.6729493,3.0329492,3.0129492,1.5629492,1.6329492,1.6529492,1.9529492,2.7129493,3.7229493,10.54295,10.312949,9.12295,7.872949,3.5229492,-1.9070507,-1.7070508,0.20294923,1.2529492,3.8429492,1.6329492,2.5529492,2.8029492,3.3029492,4.272949,3.5529492,2.5729492,3.892949
5.8029494,5.892949,6.662949,7.8429494,7.602949,8.112949,7.452949,6.1129494,4.4229493,3.9429493,3.5929492,2.2629492,-1.6870508,-0.8470508,-1.0170507,-1.6370507,-0.6970508,-1.7370508,-0.04705078,0.21294922,-0.5470508,0.8029492,0.13294922,0.5329492,-0.5370508,-1.1570507,-0.5470508,-0.07705078,0.26294923,1.5529492,-0.04705078,0.8329492,0.5329492,2.9429493,3.632949,2.0029492,1.4629493,1.4029492,1.6429492,6.662949,9.732949,10.812949,10.392949,9.20295,6.6329494,1.8229492,-1.1170508,-1.5570508,0.63294923,0.4429492,1.6529492,0.68294924,1.6529492,1.7229493,1.9129492,2.7929492,3.5529492,3.1929493,3.0729492
5.6929493,6.102949,6.122949,6.702949,7.492949,7.522949,7.6329494,6.742949,5.3629494,3.5429492,3.0829492,1.7529492,0.9229492,1.2429492,1.1529492,1.3429493,0.06294922,0.9029492,0.6129492,0.63294923,0.63294923,-1.7670507,-0.25705078,-2.3470507,-0.22705078,-0.14705078,0.50294924,1.0229492,1.4329492,3.5529492,2.7029493,2.0029492,3.3729491,2.8029492,2.1129491,1.9429492,1.4829493,4.2129493,8.172949,9.712949,10.682949,11.262949,11.252949,8.642949,4.222949,2.0929492,-2.7970507,-0.29705077,1.2629492,0.3129492,-0.3770508,-0.81705076,0.6429492,1.3729492,1.4329492,0.7729492,1.6029493,2.1529493,1.8329492
4.762949,4.622949,5.2829494,6.002949,6.662949,8.12295,8.362949,7.432949,6.042949,3.9129493,1.0029492,2.8029492,0.4429492,-1.1370507,-0.11705078,4.622949,-0.8570508,0.99294925,1.9729493,0.4729492,1.6529492,1.4729493,0.5229492,1.1629492,2.5829492,1.8929492,0.56294924,0.74294925,1.3929492,2.0029492,2.2429492,3.3329492,0.4729492,0.6129492,1.5929493,1.8529493,7.1129494,8.302949,8.942949,10.16295,11.33295,11.902949,12.192949,9.9929495,1.3829492,-1.2670507,-0.9670508,-0.7370508,1.0529492,0.38294923,0.5529492,-1.6370507,-0.5970508,0.24294922,1.3029492,1.1629492,1.8929492,2.5229492,1.4429492
5.892949,5.742949,6.622949,7.272949,7.892949,7.792949,7.452949,8.002949,6.162949,4.272949,3.1029491,0.68294924,0.2529492,0.22294922,1.0629492,0.5529492,-1.6770508,-0.68705076,-1.9370508,1.3229492,-0.7270508,-1.0070508,0.8629492,1.2029492,1.5429492,0.8429492,0.7029492,0.20294923,1.3829492,1.9829493,2.2629492,2.9029493,3.8629491,0.8529492,1.6629492,6.1329494,7.3029494,8.262949,9.04295,10.342949,11.692949,12.922949,13.322949,11.182949,4.0729494,-1.5070508,0.022949219,-0.3370508,0.06294922,1.7529492,0.7929492,-0.6570508,-0.6370508,-0.7970508,0.38294923,1.1329492,-0.44705078,1.0529492,1.0429492
6.1729493,6.6329494,6.7829494,6.9229493,7.202949,7.1129494,7.062949,6.6929493,6.3229494,5.312949,3.7229493,0.7729492,-1.8070508,-3.6970508,-0.8470508,1.8529493,2.142949,-0.15705079,1.3529493,1.2829492,1.0029492,0.94294924,0.6429492,0.05294922,-0.19705078,0.26294923,0.43294922,0.42294922,-0.38705078,0.072949216,1.1729492,2.1029491,2.642949,1.1429492,1.7629492,3.6729493,5.9029493,7.6329494,8.91295,10.20295,11.132949,12.312949,14.402949,11.33295,3.0429492,1.1229492,2.2429492,0.68294924,0.08294922,0.03294922,1.3729492,0.20294923,-0.5970508,-1.8170508,-0.6470508,-0.8970508,0.5829492,-0.45705077,-1.9270508
6.582949,6.502949,6.0929494,6.8829494,7.0529494,6.8429494,7.1729493,7.7829494,7.8629494,6.272949,4.9629493,3.4229493,-2.6270509,-3.4270508,-4.2870507,2.4429493,1.0229492,-1.3570508,-1.3870507,-1.6270508,0.14294922,-1.1570507,-1.6170508,-1.2370508,-1.1970508,-1.1070508,-0.62705076,-1.0070508,-0.26705077,0.38294923,3.0729492,3.0029492,3.3729491,3.4629493,2.5229492,2.5929492,8.382949,9.272949,9.172949,10.802949,11.29295,11.83295,12.87295,13.642949,2.9729493,2.882949,4.812949,1.3829492,0.7329492,-1.6970508,0.75294924,0.9729492,0.35294923,-0.4970508,1.0129492,-0.47705078,-2.2070508,-0.9570508,-0.9170508
6.6129494,6.312949,6.142949,6.7129493,6.762949,6.952949,7.602949,7.412949,7.6129494,8.08295,7.142949,4.972949,1.3429493,-3.9870508,-2.0770507,0.43294922,-0.86705077,-2.867051,-4.8270507,-5.0370507,-3.3870509,-2.0870507,-1.4770508,-1.7870507,-2.4470508,-3.2670507,-4.147051,-4.1970506,-2.5470507,1.5229492,1.4829493,1.5929493,2.3029492,3.2429492,2.2329493,2.1229491,6.8629494,7.662949,8.54295,9.022949,10.392949,11.462949,11.812949,11.842949,2.0329492,1.9229492,0.56294924,1.4929492,9.192949,5.5329494,-1.8870507,0.04294922,0.9629492,1.5429492,-2.0870507,-2.0270507,-2.7270508,-2.5370507,-1.8370508
6.7329493,6.182949,5.952949,6.242949,7.2329493,7.042949,7.6129494,7.832949,8.41295,8.79295,8.652949,7.372949,3.3029492,-1.0370507,-1.6870508,3.0529492,0.56294924,0.9229492,-1.8070508,-4.087051,-4.8870506,-4.3870506,-3.7070508,-4.127051,-4.937051,-3.6970508,-4.9070506,-4.797051,-2.857051,-2.2670507,-1.3470508,1.5429492,1.8629493,2.0129492,1.7629492,1.6629492,5.4829493,6.542949,7.4629493,8.422949,8.942949,9.252949,8.502949,8.752949,3.392949,6.6129494,2.1229491,0.5529492,8.182949,8.362949,8.442949,-3.0670507,-0.7370508,0.46294922,-2.5870507,-2.6970508,-3.4370508,-2.5570507,-2.7970507
5.662949,5.852949,5.6529493,6.2329493,7.332949,7.3629494,6.9829493,7.832949,8.972949,9.722949,9.022949,7.542949,5.472949,5.682949,6.512949,0.63294923,1.0429492,0.2829492,-4.067051,-4.087051,-4.3670506,-4.9470506,-3.617051,-4.227051,-5.6770506,-6.337051,-3.7070508,-5.047051,-1.2270508,-4.487051,-1.6070508,-0.38705078,0.93294924,1.2029492,2.8229492,4.3429494,5.522949,6.062949,6.4629493,7.5929494,8.16295,8.552949,8.62295,8.172949,6.332949,0.9529492,1.2029492,1.2329493,6.3829494,6.9429493,8.37295,8.282949,7.3029494,-1.3570508,-0.74705076,-3.7470508,-3.8270507,-4.587051,-3.6870508
4.472949,4.932949,5.6529493,6.162949,7.3829494,7.1529493,7.012949,7.242949,7.722949,8.83295,9.052949,8.602949,7.3429494,6.8229494,7.3629494,2.2729492,-0.48705077,-1.0570508,-1.8270508,-3.9270508,-3.0770507,-2.9370508,-3.5570507,-4.3270507,-4.5570507,-3.1970508,-9.537051,-7.667051,-3.2270508,-4.027051,-1.0070508,-0.99705076,-0.6470508,0.4729492,1.8129492,3.4029493,5.1729493,5.542949,6.1129494,6.502949,7.202949,7.312949,7.932949,8.112949,8.20295,8.33295,8.172949,9.252949,5.892949,5.2329493,6.312949,7.1929493,7.202949,9.232949,-1.3070508,-1.1870508,-2.6270509,-5.8270507,-5.8670506
4.1929493,4.6329494,4.702949,5.252949,6.3229494,6.912949,6.0329494,6.412949,6.8829494,8.002949,8.752949,8.54295,8.682949,8.16295,8.962949,10.092949,0.15294921,1.2529492,-0.107050784,0.27294922,-3.8170507,-3.2570508,0.04294922,-0.09705078,-0.32705078,-1.8970507,-6.1770506,-4.627051,-3.0070508,-2.0870507,-0.87705076,-1.6170508,-1.6370507,-2.1470509,0.7029492,2.5229492,3.7929492,4.522949,5.3629494,5.7829494,5.992949,5.8629494,5.972949,6.4029493,6.832949,6.602949,7.952949,8.272949,9.962949,10.052949,7.642949,6.0729494,6.7129493,7.472949,8.482949,5.5929494,-1.1870508,1.4929492,-4.297051
4.3429494,4.4829493,4.9629493,4.9429493,5.5929494,6.7329493,7.502949,7.082949,6.6329494,7.202949,7.9229493,8.362949,7.872949,7.6529493,8.142949,7.3829494,3.1629493,0.18294922,-0.04705078,-3.2270508,-2.6370509,-1.4670508,-0.09705078,-0.75705075,0.7829492,-1.7670507,-1.8870507,-3.3470507,-1.5770508,-1.2070508,-0.26705077,-0.68705076,-2.107051,-4.7670507,-0.87705076,1.7729492,3.8229492,4.272949,4.2329493,4.272949,5.102949,5.492949,5.9229493,6.8229494,6.8829494,6.642949,6.9629493,7.792949,8.252949,9.342949,9.70295,9.58295,7.492949,5.222949,6.2129493,5.5729494,7.1329494,3.2229493,-0.17705078
2.0829492,3.5229492,4.542949,5.182949,6.102949,5.262949,6.9229493,7.142949,8.062949,8.152949,8.29295,8.45295,8.442949,8.342949,7.952949,7.1129494,9.632949,1.8429493,1.8029492,0.5329492,-0.19705078,-1.1570507,-0.38705078,-1.4870508,-2.6770508,-3.0370507,-0.19705078,0.30294922,-0.8570508,1.2929492,-0.32705078,-0.9570508,-8.117051,-5.4070506,-1.5470508,1.2429492,2.9529493,3.2629492,3.4529493,4.122949,3.5529492,4.642949,5.762949,6.6729493,6.7829494,6.7329493,7.722949,7.162949,7.512949,7.8429494,8.08295,9.502949,9.282949,8.942949,2.6129491,4.252949,4.182949,5.272949,6.3629494
-0.6570508,0.7029492,2.6629493,4.0729494,5.4629493,5.502949,5.702949,6.252949,6.562949,6.7329493,7.352949,8.112949,8.432949,8.892949,9.522949,8.902949,8.41295,7.7329493,-0.28705078,0.6729492,0.06294922,-0.86705077,-3.0270507,-2.617051,-3.1270509,-1.5170507,-1.3470508,-0.8470508,-1.6270508,-2.4670508,-1.2670507,-7.477051,-8.747051,-5.1770506,-1.8470508,0.8429492,1.5129492,1.7629492,4.312949,3.8229492,4.912949,4.912949,4.6929493,5.562949,6.102949,6.8429494,6.062949,6.5929494,7.0929494,6.3429494,6.6929493,8.2429495,7.892949,8.392949,8.672949,6.6329494,2.0129492,2.7829492,1.8229492
3.4229493,-1.3970507,-0.07705078,1.8529493,3.5329492,5.492949,3.8029492,5.512949,6.3429494,6.3029494,6.3029494,6.3229494,6.812949,7.4429493,8.402949,9.45295,8.532949,7.1929493,2.0629492,0.012949219,0.9829492,-3.1870508,-3.4670508,-2.6370509,-2.4670508,-1.6070508,-1.6270508,-0.68705076,-2.2970507,-1.9570508,-2.9170508,-10.12705,-6.997051,-4.317051,-2.3170507,-1.4770508,-0.56705076,1.3829492,3.1729493,3.5729492,3.8529491,4.0329494,4.432949,4.4429493,5.162949,5.412949,6.502949,6.3629494,7.472949,7.5329494,8.272949,7.252949,5.912949,6.3429494,6.702949,8.132949,7.002949,0.7129492,1.2729492
0.7929492,1.8929492,-1.2170508,-0.48705077,0.11294922,2.4129493,4.002949,3.1629493,4.9829493,5.7329493,5.992949,5.742949,6.3229494,7.242949,7.6929493,7.502949,8.302949,8.282949,8.012949,1.0529492,-0.13705078,0.48294923,-2.0870507,-2.1470509,-3.5970507,-2.3270507,-1.1570507,-0.41705078,-1.3370508,-1.7570508,-10.66705,-8.66705,-7.297051,-5.337051,-3.3170507,-2.4370508,-1.7670507,0.7329492,1.6329492,2.5229492,3.2129493,4.012949,4.222949,4.142949,4.492949,5.4629493,6.6529493,7.042949,7.4629493,8.442949,8.842949,8.512949,8.052949,7.8629494,4.9629493,5.142949,5.852949,6.5929494,4.1929493
-1.3670508,-0.68705076,1.0029492,-0.8570508,-0.47705078,0.99294925,2.2229493,3.1829493,2.6129491,4.122949,4.6929493,5.062949,5.1529493,4.972949,5.502949,7.082949,8.41295,8.812949,6.372949,1.1829492,2.5629492,-0.08705078,-0.11705078,-1.0170507,-0.5270508,-0.4970508,-0.6070508,-0.7070508,-5.777051,-9.907051,-9.117051,-8.70705,-6.8670506,-4.797051,-2.5070508,-3.4570508,-1.5570508,0.9729492,0.7929492,1.7929492,2.2329493,3.3529491,3.9629493,4.3429494,4.5329494,4.852949,5.452949,5.972949,6.952949,7.512949,7.7829494,8.33295,8.512949,7.792949,6.9029493,7.522949,2.9229493,3.3029492,4.722949
-2.0770507,-1.9970508,-0.24705078,1.6329492,0.21294922,-0.67705077,0.012949219,1.5929493,3.5029492,1.2429492,3.2329493,3.5729492,3.3529491,4.1129494,4.3629494,5.0329494,6.222949,7.522949,8.612949,1.2929492,-0.36705077,0.8529492,0.43294922,-1.7370508,-3.2370508,-2.2770507,-5.437051,-8.927051,-9.367051,-9.767051,-9.70705,-8.447051,-6.7870507,-5.797051,-4.9070506,-1.7870507,-0.8870508,-0.04705078,0.50294924,1.3429493,2.4329493,3.0029492,4.252949,3.882949,4.5529494,4.932949,5.6329494,6.582949,6.6329494,6.912949,7.702949,7.722949,7.8029494,7.752949,6.332949,5.772949,5.452949,5.412949,2.392949
-1.8670508,-1.2270508,-0.8370508,-0.19705078,1.2129493,3.2429492,0.29294923,-0.86705077,-0.01705078,1.5329492,1.3129492,1.8429493,2.5029492,2.1929493,2.642949,3.1829493,3.8329492,4.872949,4.502949,2.0829492,0.04294922,-0.12705079,0.5429492,0.012949219,-4.2170506,-7.5770507,-9.247051,-9.727051,-9.827051,-9.267051,-8.637051,-7.6570506,-6.957051,-5.0970507,-2.7270508,-1.8170508,-1.5870508,-1.3170508,-0.6570508,0.3729492,1.3229492,1.9329492,2.4529493,3.5029492,4.0329494,4.7329493,5.4629493,6.5329494,7.122949,7.4229493,7.9629493,8.892949,8.572949,7.642949,7.562949,6.0929494,5.412949,3.1629493,3.632949
-0.5770508,0.24294922,0.62294924,-0.19705078,-0.07705078,1.1929492,2.1729493,2.9429493,0.46294922,0.14294922,1.1129493,1.5029492,0.8329492,-0.26705077,0.7129492,2.3529491,2.5329492,2.1829493,2.4629493,1.7929492,-0.47705078,-1.3070508,-2.2070508,-2.4970508,-4.667051,-7.5770507,-8.79705,-9.5070505,-9.857051,-9.217051,-8.267051,-7.5970507,-5.837051,-3.7670507,-2.9770508,-3.0370507,-2.2470508,-0.4370508,-0.68705076,-0.38705078,0.12294922,1.7229493,2.2629492,3.1129491,3.9029493,4.5529494,5.832949,6.8429494,7.502949,7.7329493,7.6529493,7.812949,7.892949,7.542949,7.7129493,6.7329493,6.252949,5.512949,3.6729493
3.6929493,2.9729493,2.5629492,3.6729493,1.7129493,1.5629492,1.4929492,1.2429492,2.0329492,2.8529491,1.9629493,0.7929492,-0.4070508,-1.6370507,-2.9970508,-2.1370509,0.23294921,0.8029492,0.13294922,-0.5470508,-0.87705076,-0.8970508,-2.0870507,-3.4270508,-5.277051,-6.277051,-7.3070507,-7.477051,-8.37705,-7.9470506,-8.617051,-8.477051,-6.147051,-4.2670507,-3.4170508,-3.2070508,-2.1970508,-2.6370509,-0.7870508,-0.17705078,0.5329492,1.1229492,1.6429492,2.4329493,3.4729493,4.6929493,5.702949,6.762949,7.2129493,7.772949,7.872949,7.892949,8.62295,8.712949,7.932949,6.162949,6.012949,5.512949,4.522949
5.3029494,3.7729492,3.8429492,4.182949,4.182949,2.8229492,2.2529492,2.3429492,2.3729491,2.7129493,2.8429492,1.8229492,-1.3970507,-2.4870508,-3.4370508,-2.6870508,-2.2270508,-1.9370508,-1.2270508,-1.9870508,-1.9770508,-2.0070508,-2.2670507,-3.8370507,-4.997051,-7.3070507,-8.057051,-8.197051,-8.267051,-7.6970506,-7.2170506,-7.317051,-7.027051,-5.5570507,-4.417051,-3.2070508,-2.6270509,-2.2570508,-1.6570507,-1.3770508,0.69294924,1.4429492,1.4229492,2.0429492,2.7729492,4.2129493,5.5329494,6.792949,7.4829493,7.6529493,7.892949,8.37295,8.682949,8.862949,8.33295,7.512949,7.2829494,5.3629494,2.2029493
7.312949,6.622949,6.3229494,6.312949,6.4029493,5.872949,6.252949,5.7329493,5.0929494,4.762949,2.8029492,1.9229492,-1.1870508,-3.5070508,-4.4670506,-3.0270507,-2.857051,-1.9670508,-1.9470508,-1.8370508,-1.8070508,-2.1770508,-3.5270507,-4.397051,-5.4270506,-6.6570506,-8.637051,-9.437051,-9.107051,-8.927051,-7.457051,-6.3870506,-6.727051,-6.227051,-4.7170506,-3.8470507,-3.9170508,-3.0170507,-2.5570507,-1.8670508,-0.36705077,0.38294923,1.0129492,1.6429492,2.2729492,3.7229493,4.9229493,5.932949,6.892949,7.8229494,8.102949,8.442949,8.932949,9.54295,8.66295,8.092949,7.542949,6.5529494,4.8829494
