tmp/wind-global.json
{"header": {"discipline":0,"disciplineName":"Meteorological products","gribEdition":2,"gribLength":77388,"center":7,"centerName":"US National Weather Service - NCEP(WMC)","subcenter":0,"refTime":"2021-01-15T00:00:00.000Z","significanceOfRT":1,"significanceOfRTName":"Start of forecast","productStatus":0,"productStatusName":"Operational products","productType":1,"productTypeName":"Forecast products","productDefinitionTemplate":0,"productDefinitionTemplateName":"Analysis/forecast at horizontal level/layer at a point in time","parameterCategory":2,"parameterCategoryName":"Momentum","parameterNumber":2,"parameterNumberName":"U-component_of_wind","parameterUnit":"m.s-1","genProcessType":2,"genProcessTypeName":"Forecast","forecastTime":0,"surface1Type":103,"surface1TypeName":"Specified height level above ground","surface1Value":10.0,"surface2Type":255,"surface2TypeName":"Missing","surface2Value":0.0,"gridDefinitionTemplate":0,"gridDefinitionTemplateName":"Latitude_Longitude","numberPoints":65160,"shape":6,"shapeName":"Earth spherical with radius of 6,371,229.0 m","gridUnits":"degrees","resolution":48,"winds":"true","scanMode":0,"nx":360,"ny":181,"basicAngle":0,"lo1":0.0,"la1":90.0,"lo2":359.0,"la2":-90.0,"dx":1.0,"dy":1.0}, "data":
[rows 130 to 155 of 181, columns 116 to 173 of 360]
-3.0597193,-2.7497191,-2.6497192,-2.2497191,-2.3297193,-1.6797192,-0.86971927,-0.89971924,-0.40971923,-0.09971924,-0.02971924,0.07028076,0.5802808,1.0902808,1.1602807,2.7802808,2.8802807,3.6202807,4.560281,5.310281,6.500281,8.620281,9.730281,11.510281,10.700281,10.730281,12.29028,11.730281,6.5502806,10.660281,10.00028,12.42028,4.2002807,4.3702807,7.170281,6.440281,5.710281,4.1602807,2.8602808,2.8502808,1.7702807,0.29028076,-2.1197193,-1.3497193,-1.3397193,-1.3997192,-0.49971923,-3.1297193,-3.2397192,-1.4897193,-3.8197193,-0.089719236,0.68028075,1.1802808,1.9802808,2.4002807,2.0202808,-1.8697193
-0.46971923,-0.31971923,-0.12971924,0.020280762,0.40028077,0.86028075,1.1302807,1.8802807,2.0002809,1.7602807,2.1102808,2.3102808,2.8602808,2.9302807,2.6202807,3.3102808,3.2402809,4.2802806,4.4502807,4.880281,6.330281,8.450281,9.83028,10.54028,8.700281,8.83028,6.4902806,5.770281,6.9702806,3.5902808,3.3702807,6.1402807,2.0002809,5.150281,5.860281,6.460281,6.4302807,6.100281,2.2802808,0.5202808,1.0102807,1.1602807,-0.31971923,-1.1197193,-0.49971923,-0.80971926,-0.61971927,0.040280763,0.42028075,-1.6797192,0.24028076,1.0502808,2.1902807,2.4002807,3.0902808,3.5402808,3.7502809,-1.7597193
2.9102807,3.1702807,3.3802807,3.2802808,3.6602807,4.110281,4.330281,4.3702807,4.480281,4.3002806,4.360281,4.630281,4.7802806,4.7802806,4.360281,4.7802806,4.9502807,4.1802807,4.3902807,4.360281,5.860281,7.940281,7.850281,6.560281,6.4102807,6.060281,4.8402805,5.580281,6.5702806,5.7602806,-0.049719237,3.1102808,0.41028076,-2.2697191,-0.24971923,2.9002807,6.060281,4.540281,0.63028073,-0.20971924,-0.71971923,1.3202808,1.7802807,1.4102807,0.8202808,-0.12971924,0.50028074,1.1502807,1.3802807,0.7702808,0.9502808,1.9302808,3.0902808,3.5802808,4.130281,4.580281,1.2002808,0.86028075
5.3702807,5.8402805,6.020281,6.440281,6.9102807,7.0102806,7.250281,7.2802806,7.060281,6.940281,6.710281,7.060281,7.250281,6.4302807,6.170281,5.7602806,5.7602806,5.080281,4.3902807,4.360281,4.480281,6.960281,5.0902805,4.5302806,5.150281,5.480281,4.230281,5.860281,5.6802807,3.8402808,-0.33971924,-0.51971924,-0.9897192,-3.1697192,-1.6797192,-2.9997191,-1.7497193,-2.9697192,-2.1697192,-0.75971925,-0.18971924,-0.10971924,2.1202807,1.3202808,1.0702808,1.0002807,0.48028076,1.2602807,1.2302808,1.4202808,0.81028074,2.4602807,4.170281,4.9702806,5.110281,1.8602808,0.73028076,-3.6397192
7.420281,7.750281,8.120281,8.370281,9.230281,9.690281,10.300281,10.560281,10.260281,9.96028,9.300281,9.690281,9.430281,8.720281,7.860281,7.270281,6.650281,6.3702807,5.540281,4.4102807,4.500281,4.710281,3.8902807,1.5802808,0.44028077,2.5002809,1.0202807,1.0102807,2.8102808,2.9702806,-5.8597193,0.56028074,-4.639719,-3.5997193,-2.1097193,-4.139719,-8.389719,-2.5597193,-1.5397192,-0.6097192,-0.58971924,-0.44971925,1.0202807,2.5402808,2.4202807,1.5902808,1.7802807,0.91028076,0.93028075,1.3602808,0.5102808,2.3402808,4.4102807,2.7002807,1.0802808,-2.1697192,-3.6397192,-5.619719
9.050281,9.300281,9.260281,9.730281,10.820281,11.400281,12.140281,12.490281,12.780281,12.730281,12.29028,12.050281,11.340281,10.3802805,9.730281,9.450281,8.160281,7.6602807,6.500281,5.420281,4.580281,4.880281,2.8602808,0.6402808,-1.4197192,-3.3997192,-5.1097193,-4.4497194,-8.269719,-7.6597195,2.5802808,-4.5497193,-5.519719,-3.9597192,-4.0297194,-3.1697192,-2.8497193,-3.1797192,0.48028076,-0.47971925,-0.88971925,-0.34971923,-0.06971924,1.0602808,2.3602808,1.9602808,1.1502807,0.56028074,0.32028076,0.7602808,-0.019719237,-0.45971924,1.6002808,2.1502807,1.1602807,-3.6397192,0.05028076,-1.9797193
9.820281,9.96028,10.42028,11.020281,11.410281,12.50028,13.050281,13.25028,13.820281,13.980281,14.58028,14.090281,13.470281,12.780281,12.300281,11.17028,9.8802805,9.160281,7.2402806,5.0302806,4.6402807,3.6602807,2.4002807,1.1402807,-1.0097193,-2.6697192,-4.6997194,-6.689719,-6.6597195,-5.7997193,-6.849719,-5.769719,-4.889719,-3.5997193,-3.3797193,-2.6597192,-1.5297192,-0.19971924,0.5802808,-0.94971925,0.6502808,-0.31971923,0.07028076,-0.14971924,2.7602808,3.0602808,1.2502807,0.6402808,0.66028076,0.5102808,1.1102808,0.86028075,1.5102807,1.1402807,-1.6697192,-3.0097191,-3.5397193,-3.6797192
10.110281,10.010281,9.930281,11.190281,11.490281,12.370281,13.00028,13.140281,13.730281,14.160281,15.08028,15.160281,15.010281,13.470281,13.610281,12.620281,10.46028,10.020281,8.260281,6.730281,5.7202806,3.7802808,3.1802807,1.8702807,0.92028075,-0.8497192,-1.8197192,-2.4597192,-3.2797194,-3.7997193,-3.8197193,-3.3997192,-3.1697192,-2.0697193,-2.3297193,-2.2097192,-1.3397193,-2.5397193,1.8302808,0.79028076,0.75028074,0.35028076,0.37028077,-0.25971925,-1.4197192,2.4902809,0.94028074,0.8202808,1.4902807,1.4702808,4.350281,7.5702806,-1.2897192,-1.9297192,-3.7097192,-2.3497193,-2.1897192,-2.4497192
10.060281,10.75028,10.800281,10.720281,11.46028,11.810281,12.17028,13.54028,14.25028,14.600281,15.00028,15.390281,15.08028,14.400281,13.29028,12.46028,11.140281,10.54028,9.520281,7.6202807,6.9902806,5.7602806,4.850281,4.2602806,2.8302808,1.4702808,0.9002808,0.25028077,0.41028076,-0.75971925,-1.6197193,-0.5497192,1.3002808,0.5902808,0.19028077,-0.18971924,-0.51971924,-0.57971925,-2.9197192,0.88028073,1.3902807,2.4502807,0.38028076,0.66028076,-0.44971925,-2.5797193,1.2002808,1.0302807,1.3202808,3.5902808,4.4902806,5.5502806,5.250281,1.0602808,0.75028074,0.32028076,-0.6097192,-1.4697193
10.21028,10.890281,11.410281,11.890281,11.970281,12.030281,12.870281,13.390281,13.930281,14.00028,14.42028,14.590281,14.220281,13.570281,13.620281,12.58028,12.04028,11.33028,9.680281,8.800281,9.200281,7.5302806,5.9902806,5.2202806,4.360281,3.9902809,2.4902809,1.5102807,1.6502807,3.1902807,3.0402808,2.6402807,2.5702808,3.6602807,3.0102808,2.4802809,1.1502807,-0.19971924,-0.47971925,-0.56971925,2.2302809,3.7402809,3.4502807,2.0802808,0.99028075,-0.56971925,-0.44971925,-0.15971924,1.9402808,4.3902807,5.6602807,5.040281,4.770281,3.3202808,2.3902807,2.1902807,1.5402808,0.8402808
9.6302805,9.660281,10.060281,10.71028,10.490281,11.020281,11.590281,12.180281,12.870281,13.590281,13.440281,13.17028,13.870281,14.180281,13.50028,12.6302805,11.6302805,10.410281,10.060281,10.79028,10.590281,9.200281,6.790281,5.420281,4.5702806,5.290281,4.7602806,2.9502807,2.6702807,1.3802807,2.6202807,5.060281,5.2202806,4.900281,5.9702806,4.0902805,3.2302809,2.6702807,1.3502808,0.8202808,0.40028077,2.4502807,5.290281,3.0602808,2.7602808,2.8202808,1.3502808,2.5502808,3.4102807,4.3402805,4.750281,5.420281,4.860281,5.540281,4.980281,3.6802807,2.6302807,2.4702806
8.810281,8.810281,9.71028,10.350281,11.100281,11.610281,12.260281,12.470281,13.070281,12.6302805,12.720281,12.6302805,13.150281,13.320281,13.600281,12.42028,11.950281,11.110281,10.980281,12.04028,10.980281,9.980281,7.770281,5.7202806,5.290281,3.5002809,2.3002808,3.2202806,3.9602807,2.8502808,2.5802808,3.8802807,5.4502807,5.0302806,3.7102807,5.5302806,4.790281,5.0502806,4.7002807,3.5502808,2.2802808,1.6502807,1.5302807,3.3202808,4.670281,3.3202808,3.6602807,4.500281,4.900281,6.000281,6.020281,6.170281,6.730281,6.520281,6.250281,6.3902807,5.440281,4.440281
8.980281,9.270281,9.590281,9.800281,10.42028,11.110281,12.04028,12.680281,13.140281,12.770281,13.070281,13.310281,13.71028,13.510281,13.910281,13.720281,12.96028,11.890281,10.370281,10.810281,10.720281,10.020281,8.270281,7.080281,6.830281,6.110281,5.4702806,5.020281,4.630281,4.2802806,3.3202808,3.4702806,4.4502807,5.230281,5.3402805,4.8202806,4.7402806,4.810281,5.850281,6.1802807,5.920281,5.560281,6.8002806,8.360281,9.54028,7.3402805,4.460281,5.770281,6.2402806,7.440281,8.6302805,9.200281,9.010281,8.46028,7.440281,7.2002807,7.6402807,6.9502807
9.100281,9.480281,9.480281,9.990281,10.67028,11.470281,12.25028,12.910281,13.180281,13.280281,13.730281,14.04028,14.180281,14.180281,14.010281,14.020281,13.640281,11.6302805,10.430281,9.640281,9.160281,10.490281,9.470281,8.71028,8.430281,7.560281,7.980281,8.260281,7.3702807,5.940281,6.0302806,5.170281,5.2402806,6.2802806,5.5902805,5.0502806,4.580281,5.0102806,5.7402806,6.940281,7.3202806,8.850281,10.08028,11.320281,10.200281,8.450281,4.7202806,6.6602807,8.54028,9.200281,10.030281,11.870281,11.930281,10.54028,8.520281,7.850281,7.7202806,7.810281
10.3802805,10.840281,11.04028,11.390281,11.970281,12.450281,13.470281,13.660281,13.980281,14.090281,14.100281,14.060281,14.390281,13.970281,13.75028,13.600281,13.650281,11.620281,7.980281,8.180281,8.140281,7.9902806,10.020281,9.320281,8.490281,7.810281,9.370281,9.150281,8.030281,6.9102807,6.8202806,6.960281,6.600281,6.9502807,7.8002806,6.440281,5.690281,6.170281,6.500281,6.290281,7.130281,8.3802805,9.200281,8.21028,2.3802807,2.6702807,3.8702807,6.6602807,9.930281,11.440281,13.140281,11.220281,9.58028,9.67028,8.190281,7.630281,7.380281,7.4702806
11.030281,11.100281,11.690281,12.67028,13.42028,14.240281,13.810281,14.08028,14.360281,14.46028,14.570281,14.770281,14.510281,14.390281,14.410281,14.120281,13.490281,10.660281,8.120281,6.6602807,4.730281,5.330281,6.770281,7.480281,6.0902805,7.020281,6.9102807,6.420281,5.000281,5.6602807,6.5102806,6.330281,6.150281,6.850281,6.060281,4.6402807,5.290281,5.880281,4.710281,5.500281,5.8702807,5.480281,4.750281,2.6602807,1.6602807,2.7902808,4.860281,6.9302807,8.270281,9.890281,9.42028,7.150281,6.8002806,6.6602807,6.850281,7.000281,7.150281,6.8402805
11.230281,12.310281,12.800281,13.610281,14.160281,14.370281,14.370281,14.21028,14.1302805,14.21028,14.530281,14.810281,14.75028,14.770281,14.800281,14.280281,13.600281,9.950281,5.1802807,4.1802807,3.0302808,3.5702808,5.610281,5.500281,4.920281,5.750281,4.8902807,5.670281,6.960281,6.4102807,4.670281,4.4102807,4.830281,4.000281,4.610281,6.380281,6.9502807,6.7202806,6.860281,6.000281,4.0902805,3.2102807,2.8202808,1.3202808,3.8102808,5.690281,4.9102807,4.540281,4.250281,1.3802807,-0.15971924,5.630281,5.3702807,5.880281,6.2402806,6.810281,6.9702806,6.330281
12.180281,12.970281,13.360281,14.04028,14.720281,14.660281,14.930281,14.520281,14.180281,14.200281,14.610281,15.17028,15.530281,15.480281,15.220281,13.71028,11.980281,7.9502807,3.2402809,2.3502808,1.1902808,2.0402808,4.330281,4.560281,3.9402807,3.6902807,3.4402807,3.4602807,4.1602807,3.9702806,4.310281,3.8202808,3.7802808,2.5602808,3.4602807,3.7802808,4.810281,3.8702807,3.9502807,3.9002807,3.6402807,1.3602808,2.6902807,0.99028075,2.3902807,3.9602807,2.2302809,1.2902808,1.5402808,-0.18971924,-2.9397192,-4.979719,-4.6597195,-3.6297193,3.5102808,5.380281,5.900281,5.4702806
12.930281,13.450281,14.46028,14.740281,15.350281,14.940281,14.530281,14.030281,13.850281,14.110281,13.58028,13.67028,14.450281,15.220281,14.530281,12.180281,8.740281,1.5102807,-1.1397192,-1.0897193,0.020280762,-0.45971924,3.9302807,3.8602808,3.6502807,4.000281,3.3802807,3.5102808,2.5302808,3.2602808,1.4202808,2.3402808,-0.6597192,0.78028077,2.7002807,2.0102808,1.8302808,2.0402808,2.8902807,3.1502807,3.4702806,3.9902809,2.7102807,2.7302809,0.23028076,-3.2997193,-4.689719,-4.7797194,-4.019719,-3.1997192,-3.7197192,-2.1797192,-1.8097192,-3.8797193,-4.919719,-5.3797193,-5.539719,0.08028076
13.980281,14.67028,15.140281,15.020281,14.430281,13.940281,13.410281,13.370281,13.3802805,12.820281,11.930281,12.020281,11.590281,7.750281,1.6002808,-3.5097191,-6.7197194,-5.369719,-4.1597195,-3.1797192,-3.4997191,-0.049719237,3.4202807,3.9902809,3.6102808,3.4902809,2.1402807,1.7102808,0.9002808,-0.39971924,-1.4297192,-1.2197193,-0.07971924,-0.34971923,0.87028074,2.5202808,2.2202806,1.5402808,-0.41971925,-0.77971923,-2.3197193,-0.96971923,0.49028075,3.5702808,2.1502807,0.9602808,-3.8397193,-6.119719,-7.889719,-7.289719,-7.079719,-7.769719,-7.189719,-8.199719,-7.709719,-7.8597193,-5.8797193,-3.3897192
14.280281,14.310281,13.280281,12.890281,12.650281,12.870281,12.860281,12.520281,11.530281,10.75028,9.870281,8.150281,4.670281,-0.019719237,-3.4397192,-4.919719,-5.2797194,-7.309719,-7.1297193,-6.169719,-1.1097193,2.2202806,3.4802809,3.3402808,2.6102808,2.5102808,2.7302809,2.0702808,2.4602807,2.1302807,1.1202807,0.8402808,0.68028075,0.68028075,0.16028076,0.10028076,1.5602808,1.1702808,2.7102807,2.2902808,1.5502808,1.1302807,0.31028077,2.3702807,3.2502809,0.42028075,-2.0497193,-3.0597193,-3.6897192,-3.7497191,-4.369719,-4.1097193,-4.829719,-5.1097193,-5.519719,-5.229719,-5.329719,-4.649719
12.220281,11.640281,11.470281,10.980281,10.92028,10.730281,10.21028,9.570281,8.340281,5.8002806,3.7902808,-0.34971923,1.5302807,-3.7797194,-10.019719,-9.489719,-7.4497194,-5.1297193,-1.5597192,0.81028074,1.2602807,1.9602808,3.0502808,3.2202806,3.2202806,3.2702808,2.8902807,2.1702807,3.2602808,3.0602808,2.8602808,2.7302809,2.4202807,2.8702807,3.1802807,3.3802807,2.5902808,2.6602807,1.6302807,1.6902808,2.0502808,2.7002807,2.7202806,1.3202808,0.27028075,-0.11971924,-1.1597192,-2.1297193,-2.3497193,-1.7997192,-1.9297192,-2.3697193,-2.4897192,-2.5597193,-2.2597191,-1.7297193,-1.3497193,-1.2497193
6.000281,6.4102807,5.750281,5.190281,4.980281,5.4702806,4.4502807,3.4902809,2.8502808,4.210281,-1.5597192,-5.0497193,-6.869719,-6.0497193,-5.459719,-5.209719,-3.9297192,-1.7397193,-1.6497192,-1.3697193,-0.8497192,0.030280761,2.2702808,2.7802808,3.0902808,3.2502809,5.1402807,5.4302807,5.7402806,5.3002806,4.610281,4.040281,4.7202806,3.4602807,3.8602808,4.900281,4.4102807,3.7602808,3.1302807,3.3102808,3.6102808,3.4302807,2.3002808,1.3002808,0.19028077,2.807617E-4,0.060280763,0.25028077,0.72028077,1.0602808,1.3502808,1.4602808,1.1402807,1.2502807,1.6302807,2.5802808,2.9202807,3.3402808
4.6202807,4.4902806,4.460281,3.7702808,-0.9097192,-1.4097192,-3.4197192,-5.0097194,-5.6597195,-5.789719,-5.079719,-4.829719,-4.9097195,-5.209719,-4.6597195,-4.709719,-3.6997192,-2.1797192,-0.63971925,-0.35971925,0.75028074,0.66028076,1.8702807,2.4602807,3.0502808,4.2002807,5.310281,5.500281,4.850281,5.000281,4.6602807,4.460281,4.2402806,5.1202807,4.790281,4.770281,4.8702807,5.6402807,4.6802807,4.310281,4.4302807,3.8702807,2.9502807,2.3302808,1.9302808,1.7502807,1.9902807,2.2202806,2.1002808,2.5502808,3.6102808,4.310281,4.0502806,3.6402807,3.7202806,4.2602806,4.880281,5.6602807
1.8202808,1.8202808,1.4402808,0.53028077,-0.05971924,-1.2997192,-2.7797194,-3.0797193,-4.169719,-4.7597194,-5.3197193,-4.769719,-4.669719,-3.2297192,-1.6297193,-0.63971925,0.040280763,0.78028077,1.6402807,2.2402809,2.3802807,2.9602807,2.8002808,4.2002807,4.810281,5.060281,4.7602806,5.210281,5.8402805,6.560281,5.770281,5.3702807,5.110281,5.5102806,6.3002806,6.500281,6.3002806,5.850281,5.900281,6.1802807,5.400281,4.9502807,4.3002806,3.6202807,3.3002808,3.8202808,3.9802809,3.2802808,3.5802808,3.0202808,2.8102808,3.7402809,4.1202807,4.130281,5.380281,6.420281,7.230281,7.460281
2.2402809,2.2202806,1.8802807,0.81028074,-1.0797192,-1.5197192,0.85028076,1.1802808,1.1902808,0.42028075,-0.95971924,-1.2997192,-0.38971925,0.9502808,1.3202808,2.6202807,3.7402809,3.9602807,4.6202807,4.8702807,5.230281,5.3402805,6.130281,6.3402805,6.5502806,6.770281,6.5102806,6.210281,6.3902807,6.8202806,6.4502807,6.790281,6.5302806,6.8002806,6.350281,6.730281,5.8702807,5.940281,5.9502807,5.290281,4.5102806,4.2202806,3.7302809,3.2702808,3.4602807,3.8502808,3.4702806,3.0902808,3.5602808,4.000281,4.790281,5.2602806,5.560281,5.560281,5.8902807,6.5702806,6.8402805,7.750281
