tmp/wind-global.json
{"header": {"discipline":0,"disciplineName":"Meteorological products","gribEdition":2,"gribLength":77869,"center":7,"centerName":"US National Weather Service - NCEP(WMC)","subcenter":0,"refTime":"2020-10-14T06:00:00.000Z","significanceOfRT":1,"significanceOfRTName":"Start of forecast","productStatus":0,"productStatusName":"Operational products","productType":1,"productTypeName":"Forecast products","productDefinitionTemplate":0,"productDefinitionTemplateName":"Analysis/forecast at horizontal level/layer at a point in time","parameterCategory":2,"parameterCategoryName":"Momentum","parameterNumber":2,"parameterNumberName":"U-component_of_wind","parameterUnit":"m.s-1","genProcessType":2,"genProcessTypeName":"Forecast","forecastTime":0,"surface1Type":103,"surface1TypeName":"Specified height level above ground","surface1Value":10.0,"surface2Type":255,"surface2TypeName":"Missing","surface2Value":0.0,"gridDefinitionTemplate":0,"gridDefinitionTemplateName":"Latitude_Longitude","numberPoints":65160,"shape":6,"shapeName":"Earth spherical with radius of 6,371,229.0 m","gridUnits":"degrees","resolution":48,"winds":"true","scanMode":0,"nx":360,"ny":181,"basicAngle":0,"lo1":0.0,"la1":90.0,"lo2":359.0,"la2":-90.0,"dx":1.0,"dy":1.0}, "data":
[rows 52 to 77 of 181, columns 0 to 57 of 360]
8.400597,8.670597,8.400597,6.5505967,3.350597,1.530597,2.4305968,2.840597,4.5305967,3.990597,2.610597,3.250597,3.310597,-0.34940308,0.68059695,1.5005969,1.420597,2.870597,5.200597,4.730597,5.490597,2.8805969,0.49059692,1.1905969,2.9005969,5.680597,5.210597,1.7505969,1.0905969,1.4505969,-1.2894031,1.680597,0.12059692,-0.21940307,-2.999403,-0.7994031,-0.9594031,-0.7694031,-1.6594031,-2.6194031,-1.1294031,-0.55940306,0.10059693,-1.699403,-0.69940305,-0.74940306,0.82059693,-0.6694031,1.2605969,0.19059692,-2.219403,-1.4194031,0.15059692,-0.4094031,0.30059692,-1.459403,-2.439403,-2.259403
7.850597,8.540597,7.700597,2.9505968,0.7905969,0.45059693,-1.4994031,-0.5494031,0.68059695,-0.98940307,0.62059695,1.550597,4.910597,3.730597,4.600597,4.330597,7.590597,7.3205967,4.850597,3.600597,2.730597,2.9005969,-0.26940307,1.4605969,6.880597,7.020597,5.750597,4.310597,1.3905969,0.6005969,1.0105969,-0.7194031,0.76059693,-0.9694031,0.5305969,-0.32940307,-0.47940308,0.88059694,5.969238E-4,-1.319403,-1.5194031,-0.4994031,-0.61940306,-0.75940305,-0.61940306,-1.8694031,-1.079403,-0.98940307,0.0105969235,0.6505969,-0.099403076,-2.3494031,-2.0694032,-0.109403074,0.20059693,1.0705969,-0.2794031,-1.969403
4.410597,1.7205969,0.55059695,-1.2594031,-1.7494031,1.6905969,0.20059693,0.41059694,2.290597,0.82059693,0.19059692,5.410597,6.130597,5.980597,5.3205967,5.950597,5.630597,5.610597,6.080597,5.5105968,5.270597,5.630597,6.920597,6.3205967,6.2605968,4.730597,4.020597,2.1405969,2.100597,4.080597,3.240597,4.690597,3.530597,3.120597,2.490597,1.2505969,1.1005969,2.2005968,5.770597,4.5705967,4.150597,2.460597,-1.6494031,-1.2994031,0.29059693,-0.5194031,-1.4994031,-1.949403,-0.80940306,-1.079403,0.14059693,1.180597,-0.4994031,-0.4994031,-1.1694031,-0.74940306,-2.939403,-3.8194032
0.88059694,1.3505969,4.650597,2.310597,0.16059692,-1.9894031,-3.459403,0.74059695,3.6705968,5.250597,2.270597,3.990597,3.1605968,3.600597,2.850597,3.000597,3.310597,4.330597,4.2605968,5.5105968,6.580597,6.690597,5.920597,5.540597,4.270597,3.000597,-0.26940307,0.8905969,1.2605969,3.090597,3.9205968,3.500597,2.860597,1.4505969,3.1305969,2.240597,0.14059693,2.1905968,1.8905969,4.060597,0.62059695,1.3405969,0.44059694,-0.47940308,0.2805969,-2.1194031,-0.8994031,-1.189403,-1.5394031,-1.3094031,-1.1394031,-1.0494031,1.1205969,0.36059693,-2.149403,-3.0594032,-3.449403,-5.9294033
3.610597,3.300597,4.220597,3.040597,1.8205969,1.270597,-1.2894031,-1.6094031,-0.7094031,0.8305969,2.6405969,3.480597,3.220597,1.9705969,2.210597,1.530597,2.210597,2.4005969,3.1405969,4.0505967,4.790597,4.980597,5.2805967,4.240597,3.1805968,3.470597,3.000597,3.510597,2.9205968,3.030597,2.710597,1.9805969,2.510597,3.3905969,1.5105969,0.22059692,-0.16940308,-1.3094031,1.5805969,2.6305969,3.030597,3.280597,0.35059693,-0.6694031,0.060596924,-0.24940307,-2.449403,-0.7094031,-0.8894031,-0.81940305,-0.28940308,-1.5194031,0.55059695,-2.129403,-0.36940306,-0.17940308,1.1305969,-1.7594031
0.43059692,2.600597,2.1505969,3.490597,2.610597,1.8605969,0.37059692,-1.329403,-1.069403,-0.7994031,0.5405969,2.030597,1.290597,-1.1494031,-0.14940308,1.2505969,1.1205969,2.030597,1.5805969,2.280597,3.010597,4.230597,4.670597,3.1505969,2.9205968,1.910597,1.5005969,0.3405969,0.3105969,1.4905969,0.69059694,0.20059693,0.7005969,1.2005969,0.62059695,-0.38940307,1.9505969,0.56059694,2.720597,0.7905969,1.660597,2.060597,-1.569403,0.19059692,0.9705969,2.1305969,-0.059403077,-1.449403,1.0805969,0.19059692,-2.3694031,-1.209403,0.69059694,-1.7694031,-0.12940307,0.6505969,2.520597,0.9505969
1.8205969,0.6105969,0.7905969,0.16059692,1.800597,0.5905969,-0.98940307,-1.1294031,-0.14940308,-1.3594031,-2.769403,0.18059692,-1.9294031,-1.1694031,1.530597,2.9405968,0.110596925,1.060597,1.540597,2.240597,1.310597,1.3705969,1.1105969,1.770597,1.7205969,0.24059692,-0.35940307,-1.589403,0.080596924,-0.17940308,-1.3794031,-2.469403,-2.179403,-1.7994031,-0.9594031,-0.11940308,2.480597,4.7805967,-0.33940306,1.2005969,2.1405969,0.09059692,-1.219403,-1.6494031,1.660597,2.250597,1.1205969,1.1005969,0.15059692,-0.7294031,-1.7994031,-1.849403,-1.5094031,1.5905969,-0.6094031,-1.3594031,0.8905969,2.790597
-1.5594031,-1.069403,-1.5194031,-1.069403,0.8905969,-0.81940305,-1.589403,-1.199403,-1.959403,-2.8294032,-3.959403,-4.909403,-3.919403,-4.579403,-0.56940305,0.0105969235,-0.7694031,-0.14940308,-0.7894031,-0.16940308,-3.479403,-1.7994031,-1.189403,-0.019403076,-1.9194031,-1.6794031,-1.0294031,3.1905968,0.15059692,-1.5194031,-2.0494032,-1.8694031,-3.499403,-2.679403,-1.8794031,-0.45940307,2.4005969,3.4505968,2.480597,1.280597,2.580597,3.040597,3.7005968,0.37059692,1.560597,2.840597,2.050597,1.150597,0.050596923,0.87059695,1.3505969,-1.9294031,-1.7694031,-0.6594031,2.360597,-0.62940305,1.040597,1.5705969
-0.7694031,-2.1094031,-1.8694031,-1.829403,-0.8494031,-2.8194032,-2.279403,-1.949403,-1.469403,-2.3094032,-1.8794031,-4.049403,-5.379403,-5.2394032,-3.7994032,-3.779403,-5.479403,-2.3594031,-2.779403,-2.689403,-3.469403,-2.759403,-2.509403,-2.629403,-3.3194032,-3.499403,-1.469403,-1.3094031,-2.659403,-3.5594032,-3.3594031,-3.699403,-4.569403,-5.749403,-1.969403,-1.469403,0.7705969,-0.94940305,3.120597,2.310597,0.26059693,5.150597,6.360597,4.540597,3.490597,3.040597,3.4105968,2.270597,2.250597,1.670597,-1.0394031,-1.5494031,-2.8594031,-1.0294031,-1.4994031,1.8405969,-2.229403,0.42059693
0.87059695,-2.5994031,-0.55940306,-1.5594031,-3.429403,-3.249403,-3.159403,-2.759403,-2.659403,-2.489403,-0.7894031,-1.7594031,-3.719403,-4.619403,-4.4894032,-5.539403,-5.359403,-3.789403,-6.139403,-4.059403,-3.5894032,-4.319403,-3.749403,-2.889403,-0.11940308,-0.81940305,-3.239403,-2.169403,-2.8094032,-3.899403,-2.889403,-2.149403,-4.419403,2.6805968,-1.979403,-0.18940307,-0.67940307,-1.8994031,-2.249403,-0.41940308,3.3805969,5.150597,5.740597,4.5505967,3.620597,3.110597,3.4505968,3.6305969,2.720597,2.770597,1.8205969,0.17059693,0.19059692,-0.4094031,-1.4194031,1.8505969,0.40059692,0.030596923
-3.0594032,-4.319403,-3.189403,-0.62940305,-2.649403,-3.649403,-2.949403,-2.519403,-2.959403,-1.2394031,-1.4994031,-2.519403,-2.249403,-4.659403,-4.639403,-5.139403,-7.959403,-7.519403,-4.889403,-4.639403,-4.369403,-4.499403,-3.179403,-2.189403,-0.5494031,-2.459403,-2.8194032,-3.039403,-3.149403,-2.879403,-1.979403,-0.5894031,-3.779403,2.570597,1.8905969,0.9205969,-2.209403,-1.6594031,2.360597,2.740597,4.340597,4.3205967,5.480597,2.990597,3.840597,3.720597,3.1805968,3.580597,0.8305969,2.1805968,2.720597,-1.3694031,-1.0294031,-2.029403,-2.3694031,-1.339403,0.35059693,-3.199403
-4.659403,-4.999403,-4.389403,-4.599403,-4.9494033,-2.429403,-0.9694031,-1.079403,-1.219403,-0.36940306,-0.32940307,-1.819403,-2.879403,-3.6194031,-3.149403,-5.129403,-5.849403,-9.099403,-3.439403,-4.2394032,-4.859403,-3.5994031,-2.039403,-1.479403,-3.409403,-3.0494032,-3.699403,-2.409403,-1.5594031,-3.279403,-0.34940308,1.3405969,0.94059694,0.5805969,4.670597,4.640597,1.3605969,-3.949403,0.45059693,0.69059694,4.0105968,2.550597,2.120597,2.6605968,2.840597,3.990597,1.810597,2.590597,1.770597,1.650597,1.160597,0.13059692,-0.7094031,-4.749403,-1.939403,-2.719403,-5.569403,-5.829403
-2.469403,-3.139403,-5.029403,-3.3494031,0.19059692,0.23059693,-0.39940307,-0.5894031,-0.13940307,0.17059693,0.14059693,-2.229403,-3.259403,-1.6494031,-3.709403,-4.289403,-6.979403,-9.999403,-5.149403,-3.779403,-4.1994033,-3.379403,-2.3594031,-4.079403,-3.6194031,-4.139403,-3.6194031,-3.3394032,-3.009403,-3.129403,-1.0094031,0.14059693,1.670597,1.420597,-1.219403,4.0305967,3.080597,-1.0194031,-0.9794031,-1.5394031,-2.389403,2.3905969,2.6505969,2.6305969,2.620597,1.6905969,0.35059693,2.520597,1.8905969,0.94059694,0.9705969,-0.109403074,-3.269403,-6.479403,-8.819403,-7.729403,5.969238E-4,-0.019403076
-2.7994032,-3.899403,-1.569403,-2.139403,-3.5594032,-0.8594031,-0.4694031,-0.8594031,-2.429403,-2.219403,1.0005969,-1.479403,-0.7094031,-2.8694031,-3.939403,-7.379403,-5.9894032,-7.359403,-5.339403,-4.879403,-3.269403,-1.8794031,-2.769403,-5.789403,-3.749403,-6.049403,-3.749403,-2.889403,-1.969403,-2.169403,-3.0694032,-1.339403,0.2505969,-0.5794031,-3.8194032,2.580597,4.310597,1.170597,-0.92940307,-1.849403,-0.50940305,-1.7494031,0.17059693,0.09059692,1.280597,-0.12940307,-1.3094031,2.6305969,0.26059693,0.29059693,-0.86940306,-4.579403,-4.9894032,-5.879403,-7.479403,-2.8294032,-8.079403,-4.389403
-3.3494031,-3.5494032,-5.279403,-3.399403,-3.6194031,-1.209403,-0.69940305,0.7205969,-0.6594031,-0.5194031,-2.159403,-0.99940306,-2.029403,-2.509403,-2.939403,-4.409403,-5.009403,-4.7194033,-4.039403,-2.759403,-1.949403,-1.9994031,-2.629403,-3.189403,-2.179403,-4.9494033,-4.729403,-2.379403,-2.749403,-4.479403,-1.8694031,-2.149403,-1.6094031,-1.209403,-1.3794031,-2.269403,3.220597,-0.20940308,-4.509403,-2.759403,-5.7194033,-5.039403,-4.4494033,-5.4494033,-1.7894031,-1.939403,0.020596923,1.4505969,-0.73940307,-1.2994031,-2.249403,-1.6794031,-3.239403,-3.8094032,-4.269403,-3.3594031,-1.5294031,-4.369403
-4.1794033,-4.4694033,-4.269403,-4.279403,-3.8594031,-0.4394031,-0.14940308,-0.45940307,-1.939403,-2.419403,-3.449403,-4.169403,-1.6094031,-2.879403,-3.669403,-9.599403,-3.5794032,-3.0594032,-1.709403,-3.229403,-0.47940308,-1.5594031,-2.629403,-3.939403,-3.7994032,-4.259403,-2.629403,0.7705969,-3.639403,-2.939403,-2.8494031,-3.0994031,-3.909403,-1.5294031,-4.269403,-3.479403,0.93059695,2.3805969,-4.729403,-6.909403,-11.039403,-5.2194033,-3.029403,-3.3094032,-0.92940307,1.4505969,0.6505969,0.68059695,-1.3994031,-0.6094031,-2.279403,-1.229403,-0.009403076,-3.8394032,-2.519403,-2.8594031,-3.139403,1.3505969
-5.1994033,-4.689403,-4.349403,-3.139403,-1.0094031,-3.899403,-2.739403,-1.0394031,-3.739403,-3.879403,-3.379403,-3.039403,-7.709403,-2.189403,-3.009403,-9.449403,-5.559403,-1.189403,0.63059694,-1.9194031,1.3505969,2.120597,-3.0494032,-5.389403,-3.919403,-3.469403,-2.889403,-4.939403,-2.899403,-4.299403,-3.8194032,-0.61940306,-1.4094031,-1.1094031,-2.519403,-5.4694033,0.24059692,3.6605968,-2.769403,-4.369403,-12.409403,-3.8394032,-4.379403,-2.6094031,-3.039403,-1.3794031,-0.109403074,0.56059694,-1.0494031,-1.089403,-1.319403,-1.229403,-0.5394031,-1.7394031,-1.949403,-2.769403,-2.1094031,-1.4094031
-6.149403,-5.119403,-4.1994033,-1.2994031,-0.86940306,-2.689403,-0.9794031,-2.6194031,-3.449403,-4.289403,-2.3594031,-4.089403,-4.849403,-4.329403,0.22059692,-3.399403,-1.7394031,-1.339403,-0.92940307,2.040597,0.19059692,-0.35940307,-5.139403,-5.7194033,-7.519403,-5.659403,-6.769403,-4.539403,-3.129403,-3.289403,-3.3594031,-1.3694031,-3.139403,-1.5394031,-7.629403,-5.099403,-3.5894032,2.1605968,-0.93940306,-0.55940306,0.24059692,-2.779403,-3.709403,-1.8694031,-0.99940306,-0.94940305,-2.199403,0.0105969235,0.51059693,-0.2794031,0.69059694,-0.67940307,-1.6294031,-1.9994031,-1.7594031,-0.6494031,-1.6194031,-0.8294031
-6.529403,-5.279403,-4.439403,-0.5494031,-2.759403,-1.7894031,-1.2494031,-2.8494031,-1.479403,0.060596924,-1.1694031,-4.2194033,-4.939403,-4.9694033,-1.6094031,-2.279403,-4.269403,-2.269403,0.80059695,1.2305969,0.070596926,-1.939403,-4.629403,-5.4894032,-6.339403,-7.799403,-5.4694033,-5.099403,-3.949403,-3.159403,-4.339403,-5.579403,-6.9494033,-3.919403,-6.859403,-7.049403,-2.0794032,-0.69940305,2.4405968,2.090597,0.070596926,0.7905969,-1.349403,-1.6294031,-1.3794031,-0.029403076,-0.5894031,-1.5394031,0.63059694,1.170597,1.920597,1.800597,2.2005968,-0.12940307,-0.7794031,-1.469403,-1.339403,-0.37940308
-2.649403,-4.9494033,-3.199403,-0.6694031,-0.8394031,1.050597,-3.259403,-2.0994031,-1.5494031,0.15059692,1.0105969,-1.199403,-3.159403,-4.539403,-1.079403,-2.509403,-2.7994032,-3.759403,-2.969403,-5.1794033,-2.429403,-4.539403,-5.399403,-3.279403,-5.169403,-6.389403,-5.119403,-7.089403,-1.3994031,-3.639403,-4.249403,-7.839403,-5.579403,-5.9894032,-5.889403,-7.169403,-6.379403,-1.0194031,1.8305969,3.2005968,2.610597,0.56059694,1.670597,-1.719403,-2.1094031,-0.80940306,-0.75940305,-3.8094032,-2.679403,-0.4394031,0.7105969,0.9705969,2.070597,1.3705969,1.2405969,-0.39940307,-0.61940306,-1.949403
-3.989403,-3.769403,-1.979403,1.670597,-1.469403,-2.139403,-3.019403,-3.449403,-1.9194031,0.020596923,-0.47940308,-2.0494032,-0.67940307,-2.5494032,-2.149403,-0.93940306,-2.039403,-3.169403,-4.4694033,-3.659403,-2.989403,-5.859403,-4.6994033,-5.079403,-5.2194033,-5.339403,-6.049403,-7.779403,-2.449403,-1.329403,-1.689403,-4.289403,-5.389403,-5.919403,-5.329403,-7.089403,-7.329403,-5.619403,-1.189403,3.210597,2.760597,1.8905969,-1.8894031,0.21059692,-2.039403,-1.339403,0.09059692,-3.509403,-3.1194031,-1.079403,-0.48940307,-0.29940307,0.8305969,1.8505969,2.510597,2.000597,-0.80940306,-0.019403076
-0.23940307,-0.039403077,-0.059403077,-2.0794032,-1.8994031,-2.5594032,-2.499403,-2.989403,-2.989403,-2.409403,-1.6394031,-1.8594031,-1.3794031,-1.8894031,-1.599403,-1.1294031,-1.969403,-3.139403,-3.6194031,-3.3594031,-4.009403,-5.589403,-4.729403,-5.119403,-2.429403,-4.319403,-4.439403,-5.9894032,-3.129403,-1.9894031,-2.709403,-3.3694031,-6.069403,-4.299403,-3.8194032,-4.089403,-6.229403,-4.819403,-2.0794032,0.5405969,1.790597,2.290597,2.020597,0.82059693,-2.029403,-1.5094031,0.070596926,-3.0994031,-2.759403,-3.209403,-2.3094032,-0.94940305,-2.169403,-0.029403076,-0.38940307,4.310597,2.470597,1.400597
1.8805969,1.0905969,-0.75940305,-1.2794031,-3.1194031,-2.209403,-3.889403,-2.659403,-3.719403,-3.669403,-0.94940305,-1.9894031,-1.8794031,-1.3994031,-1.8594031,-1.839403,-1.5394031,-1.9094031,-1.3994031,-4.099403,-4.099403,-6.559403,-4.759403,-4.259403,-2.3294032,-4.1994033,-3.729403,-4.359403,-0.20940308,-0.4994031,-1.069403,-3.939403,-1.829403,1.2105969,2.550597,1.920597,-0.56940305,-0.56940305,-1.459403,-1.339403,0.46059692,1.560597,1.150597,1.3305969,-2.729403,-1.1094031,-3.1094031,-2.199403,-4.1794033,-1.7394031,-0.8394031,-1.1294031,3.6905968,3.1805968,3.360597,3.470597,2.850597,2.4205968
1.670597,2.1705968,1.9405969,0.7005969,-0.4994031,-0.26940307,-0.8594031,-2.999403,-3.489403,-1.219403,-1.479403,0.26059693,0.6005969,0.5205969,0.57059693,0.6705969,-1.3094031,-3.159403,-2.2994032,-3.999403,-3.3694031,-4.509403,-5.1794033,-2.0894032,-3.459403,-4.4494033,-0.9194031,-2.1194031,0.48059693,1.3905969,-1.079403,-0.39940307,3.1805968,2.850597,1.430597,2.310597,3.010597,2.8905969,1.540597,-1.689403,-0.31940308,0.17059693,0.6105969,2.1305969,-0.93940306,-1.0294031,2.530597,0.37059692,-4.369403,-1.1494031,-0.13940307,1.7605969,3.750597,4.090597,3.860597,3.050597,3.240597,3.2005968
2.040597,2.800597,2.250597,2.260597,3.4105968,0.35059693,0.3405969,-1.949403,-0.44940308,-0.22940308,0.63059694,0.74059695,0.41059694,1.170597,1.6305969,2.520597,-0.15940307,1.9805969,3.210597,0.5405969,0.56059694,-1.2894031,-1.459403,0.4705969,-2.489403,-1.229403,-0.12940307,0.7305969,4.270597,3.490597,4.920597,4.980597,2.110597,2.6705968,2.760597,0.070596926,1.8905969,1.290597,0.9005969,-0.6694031,-2.1094031,0.7905969,-0.17940308,2.590597,0.33059692,-2.169403,-0.6594031,0.48059693,1.410597,0.75059694,0.6105969,0.29059693,1.3205969,3.310597,3.850597,3.9205968,3.4505968,3.620597
3.330597,2.4205968,2.1305969,3.1605968,0.9105969,0.7105969,0.9805969,1.1305969,2.120597,2.050597,2.4005969,1.8805969,1.930597,1.900597,2.4505968,1.5805969,1.8205969,4.470597,3.8905969,0.48059693,-0.26940307,-1.6094031,-0.019403076,1.8905969,1.310597,1.3205969,2.550597,4.060597,2.4405968,2.520597,2.590597,3.790597,1.2405969,2.730597,1.430597,0.10059693,0.030596923,-0.049403075,-0.059403077,-0.5494031,-1.2494031,2.510597,-2.3694031,-2.239403,-0.15940307,-1.829403,-1.579403,-1.469403,-0.50940305,-1.479403,-1.8694031,-2.8694031,0.13059692,2.9405968,1.790597,0.55059695,3.340597,3.870597
