tmp/wind-global.json
{"header": { "discipline": 0, "disciplineName": "Meteorological products", "gribEdition": 2, "gribLength": 48437, "center": 7, "centerName": "US National Weather Service - NCEP(WMC)", "subcenter": 0, "refTime": "2020-10-20T00:00:00.000Z", "significanceOfRT": 1, "significanceOfRTName": "Start of forecast", "productStatus": 0, "productStatusName": "Operational products", "productType": 1, "productTypeName": "Forecast products", "productDefinitionTemplate": 0, "productDefinitionTemplateName": "Analysis/forecast at horizontal level/layer at a point in time", "parameterCategory": 0, "parameterCategoryName": "Temperature", "parameterNumber": 0, "parameterNumberName": "Temperature", "parameterUnit": "K", "genProcessType": 2, "genProcessTypeName": "Forecast", "forecastTime": 0, "surface1Type": 1, "surface1TypeName": "Ground or water surface", "surface1Value": 0.0, "surface2Type": 255, "surface2TypeName": "Missing", "surface2Value": 0.0, "gridDefinitionTemplate": 0, "gridDefinitionTemplateName": "Latitude_Longitude", "numberPoints": 65160, "shape": 6, "shapeName": "Earth spherical with radius of 6,371,229.0 m", "gridUnits": "degrees", "resolution": 48, "winds": "true", "scanMode": 0, "nx": 360, "ny": 181, "basicAngle": 0, "lo1": 0.0, "la1": 90.0, "lo2": 359.0, "la2": -90.0, "dx": 1.0, "dy": 1.0 }, "data":
[rows 27 to 53 of 181, columns 0 to 60 of 360]
282.67377,282.5738,282.4738,282.37378,282.87378,283.37378,283.67377,283.27377,273.5738,263.87378,266.67377,263.77377,260.9738,260.17377,269.87378,269.5738,268.67377,269.27377,270.0738,280.67377,281.17377,281.27377,271.4738,271.4738,271.0738,271.17377,279.9738,273.0738,279.37378,272.5738,275.0738,272.0738,271.9738,272.67377,272.67377,272.0738,270.77377,267.9738,268.5738,270.0738,272.37378,272.37378,273.37378,273.5738,272.87378,272.67377,272.87378,272.9738,272.4738,272.17377,272.67377,273.0738,273.27377,273.0738,273.0738,272.27377,272.4738,272.5738,271.77377,270.67377,269.37378
283.0738,282.9738,282.77377,283.27377,284.17377,284.5738,268.0738,264.9738,259.77377,264.27377,264.87378,268.4738,268.37378,268.37378,269.37378,270.37378,270.4738,270.77377,280.87378,281.0738,281.67377,282.37378,271.5738,271.27377,271.77377,272.87378,272.87378,272.87378,273.67377,273.77377,275.67377,273.0738,271.77377,272.67377,273.17377,281.4738,272.67377,272.5738,272.87378,272.17377,271.5738,271.4738,270.17377,270.37378,270.67377,270.9738,270.77377,270.4738,268.27377,269.27377,269.67377,269.77377,272.77377,273.5738,272.67377,273.27377,273.0738,272.9738,272.5738,270.9738,268.37378
283.37378,283.27377,283.37378,283.87378,284.87378,280.4738,272.0738,271.17377,267.0738,270.4738,272.27377,273.0738,272.67377,272.17377,271.4738,271.5738,270.5738,270.9738,281.67377,282.17377,282.5738,282.87378,272.67377,272.9738,272.4738,272.77377,273.9738,273.9738,274.27377,274.0738,272.9738,281.37378,281.5738,272.87378,273.4738,274.67377,280.67377,273.17377,273.37378,273.4738,272.17377,270.27377,269.87378,270.5738,270.5738,273.87378,272.77377,272.0738,272.67377,272.0738,272.67377,272.77377,273.87378,273.77377,273.9738,273.87378,273.27377,272.67377,272.9738,270.77377,269.87378
283.87378,283.87378,284.0738,284.5738,285.27377,285.67377,278.9738,267.77377,267.77377,271.0738,273.4738,273.87378,273.87378,274.0738,273.17377,272.77377,272.67377,272.0738,273.27377,282.4738,282.77377,283.0738,283.17377,283.5738,276.9738,282.9738,283.27377,283.27377,283.17377,282.77377,277.17377,274.37378,275.17377,274.9738,275.27377,273.87378,274.27377,274.5738,273.87378,274.27377,274.0738,272.5738,272.17377,273.5738,274.27377,273.77377,273.0738,273.0738,273.87378,273.87378,274.77377,274.17377,272.37378,273.77377,274.17377,274.17377,273.4738,273.17377,271.27377,270.27377,272.0738
284.37378,284.67377,284.5738,284.67377,285.17377,285.4738,283.5738,271.67377,272.37378,273.77377,283.67377,284.17377,276.37378,282.5738,280.87378,274.87378,272.9738,272.77377,278.37378,283.27377,283.77377,284.37378,284.37378,284.0738,275.5738,273.77377,273.87378,274.67377,275.4738,274.87378,274.37378,274.77377,274.4738,273.17377,272.5738,273.77377,274.37378,274.67377,275.37378,273.87378,273.87378,273.67377,273.9738,274.17377,274.67377,274.37378,273.37378,273.5738,273.87378,274.5738,274.87378,273.0738,275.0738,275.0738,275.37378,275.87378,279.77377,275.17377,272.87378,269.77377,271.17377
284.4738,284.4738,284.17377,284.0738,284.37378,284.87378,285.17377,285.27377,285.37378,285.27377,285.0738,284.4738,279.17377,277.4738,274.87378,273.9738,273.5738,283.5738,284.0738,283.9738,284.17377,284.67377,284.5738,284.4738,284.4738,276.0738,275.17377,275.77377,281.27377,274.9738,275.37378,274.9738,274.4738,273.67377,273.87378,273.77377,274.37378,274.5738,274.87378,274.4738,274.0738,274.17377,274.4738,274.87378,272.9738,272.67377,273.17377,275.0738,275.67377,275.37378,273.17377,274.5738,276.17377,275.9738,275.67377,276.27377,276.87378,276.4738,275.87378,274.5738,275.67377
284.4738,284.4738,284.37378,284.17377,284.17377,284.67377,285.37378,286.0738,286.0738,285.77377,279.37378,284.27377,284.37378,277.77377,280.77377,275.17377,275.17377,284.37378,284.5738,284.67377,284.9738,285.37378,277.67377,275.17377,283.5738,277.4738,275.0738,275.17377,276.27377,276.37378,276.0738,276.27377,274.67377,275.0738,274.37378,273.67377,273.77377,274.4738,274.4738,274.77377,274.37378,273.17377,273.67377,273.5738,273.9738,273.17377,273.27377,273.4738,273.77377,274.0738,275.4738,276.27377,274.4738,275.87378,276.87378,277.17377,276.9738,277.9738,277.9738,277.37378,277.27377
284.5738,284.87378,284.9738,284.9738,284.9738,285.4738,286.77377,287.0738,286.17377,280.4738,279.4738,284.77377,284.87378,278.4738,276.77377,284.87378,285.0738,285.17377,285.17377,285.27377,285.77377,284.77377,274.77377,274.37378,274.4738,274.17377,274.5738,274.5738,274.4738,274.4738,274.27377,274.9738,275.0738,274.77377,275.0738,275.27377,275.27377,275.67377,275.77377,275.9738,274.87378,274.0738,273.77377,273.87378,273.87378,273.9738,274.17377,274.17377,274.4738,273.27377,274.17377,274.0738,274.87378,276.5738,278.17377,278.5738,279.27377,279.17377,279.77377,279.27377,279.0738
284.4738,284.87378,285.27377,285.87378,286.27377,286.77377,287.4738,287.5738,286.27377,280.4738,285.17377,285.17377,279.87378,285.5738,285.4738,285.4738,285.4738,285.4738,285.5738,285.67377,285.87378,285.4738,276.37378,275.37378,275.4738,274.77377,275.0738,274.77377,274.5738,275.17377,275.5738,274.4738,274.67377,274.4738,274.4738,274.5738,274.77377,275.27377,275.27377,274.67377,275.37378,274.67377,274.4738,274.27377,274.27377,274.17377,274.27377,273.77377,275.27377,282.4738,276.67377,276.17377,275.87378,275.9738,277.37378,277.4738,277.67377,280.77377,279.5738,279.37378,279.17377
284.4738,284.5738,285.27377,286.0738,286.5738,287.0738,287.17377,287.0738,286.77377,279.9738,278.87378,281.27377,277.4738,277.37378,280.0738,277.0738,276.77377,275.9738,276.9738,277.0738,276.5738,276.5738,277.87378,276.37378,275.9738,274.77377,274.9738,274.4738,275.0738,275.4738,274.67377,274.87378,274.67377,274.87378,274.67377,274.37378,274.4738,274.37378,274.77377,274.67377,274.77377,275.27377,275.4738,274.37378,274.87378,274.67377,274.5738,274.77377,276.0738,280.17377,276.77377,276.17377,276.67377,276.87378,277.9738,280.0738,281.27377,280.37378,278.37378,279.9738,281.9738
282.67377,284.77377,285.27377,286.5738,286.87378,286.4738,279.67377,279.9738,278.5738,277.9738,278.9738,278.17377,278.17377,277.9738,277.9738,277.27377,277.17377,276.5738,276.37378,276.67377,275.9738,275.67377,276.5738,275.37378,275.5738,275.0738,274.67377,274.5738,274.77377,275.27377,274.9738,275.27377,274.77377,274.67377,274.77377,274.4738,274.67377,274.4738,274.77377,274.67377,275.77377,275.37378,275.67377,275.87378,275.17377,274.9738,274.9738,275.9738,276.5738,277.9738,277.77377,278.0738,277.87378,279.4738,280.4738,281.5738,281.77377,280.0738,277.27377,280.5738,278.5738
282.5738,283.27377,287.27377,287.27377,286.9738,280.37378,279.37378,279.5738,278.4738,276.67377,276.5738,277.67377,277.9738,278.0738,278.0738,278.37378,277.9738,276.9738,277.27377,276.87378,276.87378,276.0738,276.17377,276.37378,276.37378,275.5738,275.27377,275.0738,275.9738,275.67377,275.87378,275.87378,275.67377,275.0738,274.77377,274.4738,274.27377,274.37378,273.9738,275.77377,275.27377,275.17377,275.37378,275.27377,276.17377,275.77377,276.67377,278.37378,279.67377,279.87378,279.0738,279.37378,280.5738,281.5738,283.17377,280.9738,279.77377,279.17377,280.87378,280.0738,280.5738
283.9738,287.0738,286.5738,281.67377,280.87378,280.0738,278.67377,281.87378,276.9738,275.9738,275.67377,276.77377,276.4738,275.9738,276.17377,276.5738,276.37378,277.37378,277.87378,277.87378,277.27377,276.27377,277.0738,276.4738,277.0738,276.67377,275.87378,275.87378,275.5738,275.77377,276.5738,275.9738,275.87378,275.67377,274.9738,275.77377,274.37378,274.67377,274.77377,275.4738,275.37378,274.9738,275.37378,276.37378,275.9738,279.37378,281.9738,280.77377,280.4738,280.9738,280.87378,281.37378,282.9738,283.77377,279.27377,280.9738,280.5738,280.67377,281.4738,280.87378,280.4738
288.27377,288.17377,281.0738,280.4738,280.87378,280.9738,275.67377,276.77377,276.9738,279.5738,276.87378,275.9738,274.0738,273.9738,275.27377,275.87378,276.4738,273.87378,276.67377,277.17377,277.77377,277.17377,276.77377,278.37378,279.0738,276.87378,276.4738,276.4738,275.9738,276.77377,276.37378,276.67377,276.0738,275.77377,275.37378,275.17377,276.4738,275.87378,276.27377,276.4738,275.5738,276.0738,275.4738,276.87378,281.37378,281.27377,281.17377,281.4738,281.87378,281.77377,281.9738,283.5738,284.87378,281.27377,283.0738,282.17377,281.87378,280.5738,279.67377,279.27377,279.27377
285.4738,282.9738,284.87378,281.67377,279.9738,281.0738,278.17377,277.9738,276.37378,277.4738,277.37378,276.67377,276.87378,275.0738,273.77377,277.17377,279.5738,280.67377,278.4738,277.0738,273.5738,276.87378,277.37378,273.17377,276.5738,275.0738,276.9738,276.5738,275.5738,275.9738,277.17377,277.4738,277.37378,277.87378,277.4738,276.9738,277.0738,277.4738,278.67377,278.4738,274.87378,275.4738,278.4738,282.27377,281.5738,281.87378,282.77377,282.67377,282.67377,282.9738,283.9738,285.27377,283.77377,283.17377,282.9738,281.77377,281.27377,279.27377,279.17377,278.77377,278.4738
285.37378,282.77377,281.87378,282.5738,281.37378,282.9738,279.87378,277.5738,278.17377,274.9738,275.27377,275.77377,275.0738,273.9738,274.9738,275.27377,275.67377,279.77377,280.4738,279.77377,279.4738,279.0738,278.87378,280.27377,278.17377,271.87378,275.0738,278.77377,278.67377,277.9738,277.5738,277.37378,277.67377,278.4738,279.0738,278.9738,279.17377,278.67377,282.27377,277.27377,276.87378,278.9738,282.9738,285.77377,282.5738,283.87378,283.4738,284.0738,284.17377,285.0738,285.5738,285.77377,284.67377,284.17377,283.9738,282.87378,280.17377,280.27377,280.0738,278.5738,280.0738
287.5738,286.0738,282.5738,281.9738,279.5738,282.5738,278.77377,277.67377,276.67377,274.17377,269.77377,263.67377,264.5738,263.5738,269.5738,274.67377,276.67377,280.67377,281.0738,282.17377,281.77377,280.77377,276.87378,275.77377,279.77377,271.37378,271.4738,276.87378,278.37378,281.17377,281.9738,279.27377,280.0738,279.17377,280.67377,279.4738,279.0738,279.87378,288.5738,286.5738,283.67377,284.67377,282.27377,282.9738,283.77377,285.17377,285.27377,285.0738,285.9738,285.37378,285.4738,284.5738,282.9738,283.67377,282.67377,281.4738,283.37378,278.77377,280.4738,279.9738,280.77377
286.27377,286.67377,286.4738,280.37378,279.87378,284.17377,277.27377,271.77377,268.67377,275.87378,272.67377,275.4738,277.27377,282.5738,278.9738,277.77377,278.67377,278.17377,279.0738,279.4738,279.37378,279.37378,276.87378,274.5738,274.4738,272.9738,271.4738,276.77377,278.37378,278.87378,279.17377,292.77377,293.27377,292.0738,282.87378,291.27377,291.5738,291.87378,288.9738,283.0738,283.4738,283.0738,282.87378,283.5738,284.27377,284.9738,287.9738,286.0738,286.27377,286.9738,286.5738,286.67377,286.0738,284.27377,283.37378,281.5738,280.4738,280.5738,280.4738,285.0738,286.17377
288.27377,286.37378,286.27377,279.77377,282.77377,282.9738,275.0738,270.77377,284.4738,282.0738,282.27377,283.27377,283.9738,291.0738,282.9738,277.0738,277.27377,277.27377,277.0738,278.87378,279.17377,277.87378,274.27377,276.77377,275.67377,276.5738,279.4738,279.67377,279.77377,284.5738,292.27377,292.87378,293.37378,293.77377,279.17377,279.17377,294.27377,294.4738,282.67377,285.4738,283.0738,283.67377,283.67377,283.9738,284.67377,285.17377,288.5738,287.37378,288.4738,288.77377,287.9738,286.27377,287.5738,285.87378,281.67377,281.9738,281.0738,280.4738,279.67377,286.37378,285.77377
286.67377,286.17377,285.0738,284.5738,284.9738,281.5738,277.77377,277.4738,280.87378,291.87378,289.77377,280.17377,280.5738,291.17377,291.77377,293.27377,279.4738,271.9738,274.37378,273.0738,273.77377,276.0738,276.17377,278.67377,279.37378,280.87378,280.37378,279.37378,280.0738,292.87378,293.17377,292.87378,292.77377,293.0738,293.37378,293.37378,293.4738,293.87378,294.27377,294.67377,274.77377,280.9738,281.77377,282.77377,287.5738,289.5738,289.9738,287.0738,289.67377,290.67377,290.87378,289.27377,287.5738,281.87378,281.9738,282.27377,280.5738,279.5738,277.5738,287.9738,287.67377
285.0738,285.67377,281.77377,286.9738,288.4738,289.27377,291.37378,291.27377,290.4738,291.67377,292.0738,281.27377,280.4738,277.0738,291.77377,291.87378,293.37378,293.77377,277.77377,272.27377,271.17377,273.4738,275.37378,273.67377,276.17377,276.17377,276.67377,278.27377,292.77377,293.4738,293.5738,293.37378,293.37378,293.37378,293.67377,293.87378,294.27377,294.37378,294.0738,294.17377,294.4738,289.0738,278.4738,272.9738,281.9738,283.5738,285.37378,287.17377,290.4738,291.17377,291.5738,290.87378,283.17377,279.37378,280.5738,281.37378,278.9738,278.77377,277.37378,275.5738,275.67377
283.9738,283.77377,284.37378,287.0738,289.5738,289.67377,290.67377,291.5738,291.4738,277.67377,291.17377,291.37378,283.17377,279.5738,275.4738,283.87378,292.4738,292.5738,292.67377,293.9738,276.67377,274.37378,277.37378,275.0738,272.37378,279.4738,280.87378,279.37378,285.5738,293.77377,294.0738,294.27377,294.37378,294.77377,292.9738,289.77377,294.27377,294.5738,294.77377,294.9738,294.9738,294.77377,288.77377,285.37378,283.9738,282.67377,278.77377,271.5738,284.77377,291.17377,291.4738,291.4738,289.9738,279.17377,281.27377,282.17377,282.37378,276.0738,276.4738,275.37378,276.17377
283.9738,291.87378,293.17377,293.5738,292.9738,292.4738,292.5738,292.67377,291.87378,283.17377,291.5738,292.27377,292.5738,293.37378,290.67377,280.0738,281.67377,288.37378,292.9738,294.37378,283.4738,284.4738,277.9738,281.67377,282.5738,284.9738,280.9738,282.77377,289.9738,291.77377,286.5738,282.77377,278.9738,281.4738,282.9738,283.87378,283.67377,285.5738,290.9738,285.5738,292.9738,282.77377,280.9738,275.5738,276.5738,282.27377,290.17377,287.0738,280.5738,284.37378,291.67377,292.27377,291.5738,284.27377,281.27377,279.67377,277.77377,276.77377,281.5738,281.37378,281.5738
291.87378,293.0738,293.67377,294.5738,288.0738,293.9738,293.9738,293.87378,292.67377,281.5738,293.27377,293.5738,293.37378,293.4738,293.67377,294.27377,278.17377,294.67377,294.5738,295.0738,284.37378,279.4738,282.9738,295.0738,288.9738,294.4738,294.37378,285.87378,285.27377,283.77377,283.0738,283.37378,286.0738,286.37378,286.17377,283.67377,284.17377,282.67377,279.67377,277.5738,277.67377,278.0738,278.4738,276.5738,285.77377,274.4738,274.37378,288.27377,288.9738,288.77377,293.67377,293.87378,293.27377,284.87378,279.87378,282.87378,278.37378,279.4738,278.5738,277.37378,281.27377
293.67377,294.37378,294.67377,294.87378,294.87378,294.77377,294.67377,294.37378,293.4738,291.4738,293.4738,293.87378,293.9738,293.9738,293.9738,294.27377,295.17377,290.37378,295.5738,295.27377,295.37378,287.0738,281.87378,289.87378,295.4738,295.17377,295.27377,285.17377,283.0738,282.87378,280.37378,284.0738,288.17377,288.77377,288.67377,287.4738,286.5738,282.67377,280.87378,288.27377,283.0738,274.27377,277.67377,273.87378,274.37378,284.4738,280.37378,284.27377,284.9738,294.67377,294.87378,294.67377,293.77377,292.17377,281.87378,279.17377,280.67377,282.27377,280.87378,282.27377,281.77377
293.87378,294.67377,294.9738,294.9738,294.9738,294.9738,294.87378,294.87378,294.67377,293.9738,294.17377,294.37378,294.17377,284.77377,288.4738,279.17377,284.17377,295.9738,295.9738,295.27377,295.37378,296.17377,281.5738,289.0738,288.5738,295.67377,295.77377,291.9738,283.5738,287.17377,286.37378,288.67377,281.37378,287.67377,289.0738,281.9738,282.17377,277.37378,277.9738,282.87378,283.67377,283.27377,281.77377,273.0738,274.9738,279.4738,282.17377,279.67377,278.37378,294.5738,294.77377,294.9738,295.27377,294.67377,282.77377,285.4738,284.27377,278.87378,279.67377,280.0738,279.37378
293.67377,294.17377,294.5738,294.4738,294.5738,294.67377,294.77377,294.9738,295.27377,286.5738,288.27377,290.87378,294.27377,294.37378,293.9738,283.27377,295.77377,295.67377,295.87378,295.9738,296.37378,296.4738,291.5738,288.4738,296.67377,296.27377,296.27377,296.37378,293.87378,283.9738,280.5738,290.87378,278.17377,285.67377,281.37378,292.17377,292.5738,286.27377,285.0738,286.17377,287.37378,289.0738,288.17377,279.9738,280.37378,276.37378,279.5738,275.67377,282.4738,280.5738,285.37378,295.0738,295.37378,295.4738,293.4738,288.4738,277.27377,279.37378,273.9738,272.27377,276.17377
