tmp/wind-global.json
{"header": {"discipline":0,"disciplineName":"Meteorological products","gribEdition":2,"gribLength":77891,"center":7,"centerName":"US National Weather Service - NCEP(WMC)","subcenter":0,"refTime":"2020-10-15T00:00:00.000Z","significanceOfRT":1,"significanceOfRTName":"Start of forecast","productStatus":0,"productStatusName":"Operational products","productType":1,"productTypeName":"Forecast products","productDefinitionTemplate":0,"productDefinitionTemplateName":"Analysis/forecast at horizontal level/layer at a point in time","parameterCategory":2,"parameterCategoryName":"Momentum","parameterNumber":2,"parameterNumberName":"U-component_of_wind","parameterUnit":"m.s-1","genProcessType":2,"genProcessTypeName":"Forecast","forecastTime":0,"surface1Type":103,"surface1TypeName":"Specified height level above ground","surface1Value":10.0,"surface2Type":255,"surface2TypeName":"Missing","surface2Value":0.0,"gridDefinitionTemplate":0,"gridDefinitionTemplateName":"Latitude_Longitude","numberPoints":65160,"shape":6,"shapeName":"Earth spherical with radius of 6,371,229.0 m","gridUnits":"degrees","resolution":48,"winds":"true","scanMode":0,"nx":360,"ny":181,"basicAngle":0,"lo1":0.0,"la1":90.0,"lo2":359.0,"la2":-90.0,"dx":1.0,"dy":1.0}, "data":
[rows 0 to 24 of 181, columns 58 to 115 of 360]
-0.9013928,-0.9213928,-0.9513928,-0.9713928,-0.99139285,-1.0213928,-1.0413928,-1.0613928,-1.0913929,-1.1113929,-1.1313928,-1.1513928,-1.1713928,-1.1913928,-1.2213929,-1.2413929,-1.2613928,-1.2713928,-1.2913928,-1.3113928,-1.3313928,-1.3513929,-1.3713928,-1.3813928,-1.4013928,-1.4213928,-1.4313928,-1.4513928,-1.4613929,-1.4813929,-1.4913929,-1.5013928,-1.5213928,-1.5313928,-1.5413928,-1.5513928,-1.5613928,-1.5713928,-1.5813928,-1.5913929,-1.6013929,-1.6113929,-1.6213928,-1.6313928,-1.6313928,-1.6413928,-1.6513928,-1.6513928,-1.6613928,-1.6613928,-1.6713928,-1.6713928,-1.6713928,-1.6813928,-1.6813928,-1.6813928,-1.6813928,-1.6813928
-0.4113928,-0.4713928,-0.5313928,-0.5913928,-0.6613928,-0.7313928,-0.8013928,-0.87139285,-0.93139285,-1.0113928,-1.0813928,-1.1513928,-1.2613928,-1.3513929,-1.4613929,-1.5513928,-1.6613928,-1.7613928,-1.8513929,-1.9313928,-2.0113928,-2.0913928,-2.171393,-2.2513928,-2.3213928,-2.401393,-2.4713929,-2.5213928,-2.5613928,-2.6113927,-2.661393,-2.701393,-2.7513928,-2.7913928,-2.8413928,-2.8913927,-2.931393,-2.9813929,-3.0213928,-3.0713928,-3.1113927,-3.161393,-3.2113929,-3.2613928,-3.3113928,-3.3613927,-3.401393,-3.451393,-3.4813929,-3.5213928,-3.5713928,-3.6013927,-3.6313927,-3.671393,-3.701393,-3.7313929,-3.7613928,-3.7813928
-0.81139284,-0.94139284,-1.0813928,-1.2113929,-1.3413929,-1.4713929,-1.5813928,-1.6713928,-1.7713928,-1.8813928,-2.0013928,-2.1313927,-2.2613928,-2.3913927,-2.5113928,-2.6213927,-2.7413929,-2.8413928,-2.941393,-3.0413928,-3.1413927,-3.2213929,-3.3013928,-3.3813927,-3.4613929,-3.5113928,-3.5613928,-3.6113927,-3.671393,-3.7413929,-3.8113928,-3.8913927,-3.9913929,-4.091393,-4.2013927,-4.301393,-4.4113927,-4.521393,-4.6213927,-4.711393,-4.8513927,-5.001393,-5.131393,-5.251393,-5.381393,-5.5113926,-5.651393,-5.751393,-5.841393,-5.9513927,-6.061393,-6.1613927,-6.231393,-6.291393,-6.381393,-6.461393,-6.571393,-6.581393
-0.94139284,-1.0713928,-1.2113929,-1.3713928,-1.5713928,-1.7813928,-1.9613929,-2.0913928,-2.2113929,-2.3313928,-2.451393,-2.5813928,-2.7413929,-2.901393,-3.0313928,-3.151393,-3.2713928,-3.401393,-3.5313928,-3.6413927,-3.7413929,-3.8513927,-3.9913929,-4.1213927,-4.291393,-4.461393,-4.631393,-4.821393,-5.001393,-5.191393,-5.381393,-5.551393,-5.6813927,-5.811393,-5.9113927,-6.001393,-6.081393,-6.1413927,-6.2013927,-6.2413926,-6.281393,-6.331393,-6.381393,-6.4313927,-6.4913926,-6.541393,-6.561393,-6.581393,-6.591393,-6.6013927,-6.6013927,-6.6013927,-6.591393,-6.581393,-6.581393,-6.581393,-6.571393,-6.581393
-1.3213928,-1.5813928,-1.8413929,-2.0913928,-2.3413928,-2.5713928,-2.7613928,-2.8813927,-3.0213928,-3.2213929,-3.441393,-3.6313927,-3.8013928,-3.911393,-4.001393,-4.081393,-4.151393,-4.2213926,-4.291393,-4.3713927,-4.4113927,-4.4313927,-4.481393,-4.521393,-4.541393,-4.571393,-4.651393,-4.711393,-4.7413926,-4.771393,-4.781393,-4.7613926,-4.711393,-4.671393,-4.631393,-4.611393,-4.591393,-4.571393,-4.551393,-4.4713926,-4.3913927,-4.2213926,-4.061393,-3.8613927,-3.671393,-3.5713928,-3.4613929,-3.451393,-3.411393,-3.411393,-3.3813927,-3.3613927,-3.3613927,-3.3213928,-3.3013928,-3.2913928,-3.3113928,-3.3413928
-2.2313929,-2.4613929,-2.7113929,-2.9613929,-3.1313927,-3.2613928,-3.3913927,-3.4713929,-3.5413928,-3.6213927,-3.701393,-3.7513928,-3.7413929,-3.7113929,-3.691393,-3.6413927,-3.5813928,-3.5113928,-3.4813929,-3.4913929,-3.4813929,-3.3013928,-3.1013927,-2.911393,-2.8013928,-2.691393,-2.6213927,-2.6413927,-2.681393,-2.7313929,-2.8013928,-2.8713927,-2.951393,-3.0113928,-3.0613928,-3.1213927,-3.161393,-3.191393,-3.2213929,-3.2613928,-3.3213928,-3.401393,-3.451393,-3.5113928,-3.5813928,-3.671393,-3.7513928,-3.8213928,-3.8713927,-3.901393,-4.061393,-4.211393,-4.311393,-4.2413926,-4.061393,-3.7313929,-3.3813927,-3.2513928
-2.5813928,-2.7413929,-2.931393,-3.0913928,-3.201393,-3.2913928,-3.3613927,-3.3913927,-3.4813929,-3.661393,-3.7813928,-3.941393,-4.1413927,-4.311393,-4.341393,-4.2613926,-4.081393,-3.921393,-3.8213928,-3.701393,-3.6213927,-3.6113927,-3.6313927,-3.671393,-3.701393,-3.7213929,-3.7513928,-3.7713928,-3.7913928,-3.7813928,-3.7513928,-3.7413929,-3.7413929,-3.7613928,-3.7813928,-3.8013928,-3.8013928,-3.7913928,-3.8013928,-3.8713927,-3.9713929,-4.1013927,-4.2413926,-4.4113927,-4.6813927,-5.061393,-5.2613926,-5.231393,-5.131393,-4.881393,-4.6613927,-4.6813927,-4.771393,-4.9513927,-5.091393,-5.091393,-5.051393,-5.001393
-2.401393,-2.7113929,-2.901393,-3.3313928,-3.7113929,-4.1413927,-4.541393,-4.831393,-5.051393,-5.281393,-5.7013927,-6.1213927,-6.111393,-6.671393,-7.4713926,-8.001392,-8.211392,-8.261393,-8.121393,-7.831393,-7.481393,-6.9113927,-6.2213926,-5.801393,-5.651393,-5.4513927,-5.2413926,-5.071393,-4.881393,-4.671393,-4.6013927,-4.571393,-4.541393,-4.571393,-4.571393,-4.5113926,-4.3713927,-4.2413926,-4.231393,-4.331393,-4.4913926,-4.821393,-5.541393,-6.4113927,-6.831393,-6.921393,-6.751393,-6.6013927,-6.581393,-6.461393,-6.281393,-6.171393,-6.111393,-6.041393,-5.941393,-5.771393,-5.651393,-5.651393
-3.1313927,-3.5913928,-4.291393,-4.801393,-5.2613926,-5.781393,-6.331393,-6.7213926,-6.921393,-7.041393,-7.131393,-7.041393,-6.9113927,-7.1813927,-8.221393,-9.431393,-9.541393,-8.811393,-8.221393,-7.691393,-7.341393,-7.281393,-7.2613926,-7.361393,-7.501393,-7.561393,-7.571393,-7.631393,-7.751393,-7.771393,-7.7613926,-7.7613926,-7.631393,-7.441393,-7.291393,-7.171393,-7.1013927,-7.0113926,-6.7213926,-5.9713926,-5.1413927,-4.9713926,-5.861393,-7.651393,-9.281393,-9.531393,-9.101393,-8.911393,-9.071393,-8.691393,-8.491393,-8.271393,-7.941393,-7.251393,-6.861393,-6.6013927,-7.071393,-7.6613927
-0.29139283,-0.8013928,-1.5413928,-1.7013928,-2.0113928,-2.3013928,-1.4313928,-2.1413927,-4.481393,-5.321393,-6.031393,-6.191393,-6.041393,-5.9313927,-6.691393,-7.8713927,-8.181393,-8.041393,-8.071393,-8.111393,-8.121393,-7.961393,-7.591393,-7.311393,-7.191393,-7.1213927,-7.211393,-7.4713926,-7.801393,-8.001392,-8.021393,-7.9113927,-7.631393,-7.1813927,-7.481393,-7.151393,-5.831393,-4.401393,-3.9713929,-5.231393,-5.2213926,-4.751393,-4.001393,-2.6413927,-1.8713928,-3.661393,-6.4513927,-8.041393,-8.651393,-9.251392,-9.821393,-10.201393,-10.3413925,-10.121393,-9.661393,-8.931393,-8.071393,-7.7613926
0.7686072,0.8586072,0.37860718,-0.15139282,-0.9113928,-1.3113928,-1.4013928,-1.9113928,-2.5513928,-2.8813927,-3.8213928,-4.541393,-4.921393,-5.751393,-7.611393,-8.911393,-8.581393,-8.801393,-9.291393,-9.271393,-9.511393,-9.391393,-8.831393,-8.471393,-8.221393,-7.941393,-7.311393,-6.7613926,-6.281393,-6.2013927,-6.581393,-7.051393,-7.271393,-6.3713927,-5.211393,-4.251393,-4.711393,-3.7313929,-3.181393,-4.131393,-4.191393,-4.9513927,-5.441393,-5.541393,-5.421393,-5.211393,-4.831393,-4.271393,-3.5613928,-3.0313928,-2.911393,-3.2713928,-3.7513928,-3.9813929,-4.361393,-6.3513927,-8.501392,-8.671392
1.3486072,1.2486072,1.0286071,0.87860715,0.73860717,0.3086072,-0.18139282,-0.49139282,-0.7713928,-0.7113928,-1.1213928,-1.9413928,-2.701393,-3.691393,-5.211393,-8.941393,-10.161393,-8.121393,-7.4513927,-6.841393,-6.691393,-7.231393,-8.1313925,-8.621393,-8.861393,-8.611393,-8.191393,-8.151393,-7.781393,-7.771393,-7.251393,-6.311393,-5.6813927,-5.401393,-6.1613927,-6.881393,-8.741393,-8.761393,-6.3513927,-3.951393,-6.481393,-7.9513927,-6.041393,-6.7013927,-4.1413927,-5.2213926,-7.581393,-8.141393,-7.651393,-7.571393,-7.5113926,-7.3513927,-7.031393,-6.7013927,-6.1813927,-5.401393,-4.961393,-5.7213926
3.9386072,3.1686072,2.6686072,2.2886071,2.2686071,2.2186072,1.9886072,1.7986072,1.5686072,1.5286071,1.4986072,1.2986072,0.4986072,-0.24139282,-0.50139284,-0.94139284,-1.8713928,-5.171393,-7.501393,-6.9513927,-6.6213927,-6.8913927,-6.6213927,-6.691393,-7.4313927,-8.041393,-7.9713926,-8.301393,-8.401393,-8.641393,-9.001392,-9.521393,-9.811393,-9.861393,-9.991393,-10.251392,-10.701393,-11.171392,-11.411393,-11.561393,-11.721393,-11.3413925,-10.811393,-12.271393,-12.3413925,-11.871393,-11.361393,-10.611393,-10.011393,-9.601393,-9.271393,-8.8413925,-8.121393,-7.571393,-6.881393,-5.9313927,-5.541393,-5.061393
4.328607,4.868607,4.868607,4.638607,4.478607,3.8986073,3.348607,3.1086073,2.9786072,3.078607,3.588607,3.3886073,2.7586071,2.3886073,1.8486072,1.3886071,0.86860716,0.39860716,-1.8313928,-5.361393,-5.8513927,-6.331393,-6.021393,-5.561393,-6.041393,-7.051393,-6.9113927,-7.051393,-7.461393,-8.041393,-8.491393,-8.941393,-8.991393,-9.611393,-10.251392,-10.671392,-10.851393,-10.941393,-10.911393,-10.771393,-10.601393,-10.581393,-10.691393,-10.121393,-8.121393,-9.1313925,-8.561393,-9.491393,-9.931393,-9.541393,-10.781393,-10.001392,-9.1313925,-8.571393,-8.021393,-7.2413926,-6.6413927,-6.061393
3.828607,3.798607,4.188607,5.328607,6.978607,7.408607,6.098607,5.1486073,4.8186073,3.7586071,1.7786071,1.7786071,2.4886072,2.2786071,1.8486072,1.2186072,1.0786072,0.67860717,0.8586072,-0.37139282,-3.6413927,-4.401393,-4.401393,-4.051393,-4.9913926,-5.321393,-5.4713926,-6.5113926,-6.821393,-7.561393,-8.351393,-8.901393,-9.491393,-9.721393,-9.791393,-9.471393,-6.921393,-7.4513927,-8.961392,-8.871393,-8.611393,-8.081393,-7.501393,-7.9913926,-8.3813925,-8.181393,-9.611393,-8.351393,-5.611393,-4.691393,-4.301393,-3.691393,-5.6413927,-6.781393,-6.281393,-6.021393,-7.461393,-7.561393
5.998607,5.6486073,3.7686071,4.468607,5.078607,3.9986072,4.178607,4.498607,4.3986073,3.7886071,4.3586073,4.118607,3.598607,3.4286072,2.7486072,2.1786072,2.0286071,1.8586072,1.2686071,1.0586072,-0.27139282,-2.2113929,-2.691393,-2.1013927,-3.0413928,-3.0113928,-3.5813928,-5.831393,-6.421393,-7.1213927,-4.9913926,-3.7513928,-3.8613927,-5.031393,-5.771393,-5.7613926,-5.381393,-5.751393,-5.2013927,-4.691393,-4.7013927,-5.1413927,-4.4913926,-6.001393,-7.6413927,-7.6413927,-7.781393,-7.441393,-7.3513927,-9.061393,-10.801393,-10.951393,-9.621393,-7.841393,-6.791393,-8.111393,-8.471393,-8.141393
3.828607,5.5686073,6.0286074,6.0886073,5.998607,5.428607,4.168607,3.7686071,4.218607,4.138607,3.298607,3.9886072,3.9786072,3.7586071,4.118607,3.818607,3.3686073,2.6286073,2.4386072,2.2186072,0.7886072,0.008607178,-0.6613928,-0.5513928,-1.1913928,-0.88139284,-1.7313929,-4.501393,-4.501393,-2.5613928,-2.0313928,-3.441393,-4.041393,-4.421393,-4.5113926,-5.381393,-2.5713928,-2.1013927,-2.3913927,-2.9913929,-4.2213926,-4.6813927,-4.901393,-4.841393,-5.071393,-5.6613927,-6.1613927,-6.651393,-6.091393,-7.071393,-6.9913926,-8.031393,-7.081393,-7.131393,-7.4913926,-6.7213926,-6.881393,-7.021393
2.798607,2.2286072,2.7186072,3.4686072,3.9786072,4.518607,5.178607,5.938607,5.6086073,5.658607,5.118607,4.8586073,4.3986073,4.418607,5.3386073,4.7586074,4.3786073,3.8786073,3.7886071,3.4186072,2.3886073,1.5686072,1.4886072,1.3086072,2.098607,2.8786073,1.9986072,0.048607178,0.67860717,0.5986072,0.8386072,-0.021392822,-1.0913929,-1.8313928,-3.201393,-3.7213929,-3.7913928,-2.411393,-0.56139284,0.5486072,1.4686072,2.4186072,2.2586071,1.8286072,0.058607176,-0.8313928,-1.5713928,-1.1513928,-2.0213928,-3.5213928,-3.8313928,-3.8313928,-4.041393,-4.4713926,-4.2013927,-4.501393,-5.091393,-5.6213927
0.28860718,-1.1313928,1.1586071,1.6386071,2.4886072,3.4786072,4.3586073,4.848607,5.728607,5.718607,5.7586074,3.078607,4.0486073,4.618607,5.098607,7.198607,6.178607,3.3786073,5.2786074,4.478607,2.578607,3.3786073,4.1486073,3.0286071,4.5886073,4.7986073,4.908607,3.4886072,3.4086072,3.7086072,3.7286072,3.2586071,3.4186072,3.6486073,3.9186072,2.558607,1.6686072,1.7786071,1.6786072,2.078607,1.9586072,1.6686072,2.3986073,3.1486073,3.4786072,3.838607,4.7586074,3.548607,1.8386072,-0.121392824,-0.6413928,-1.6313928,-1.9213928,-3.0813928,-2.2213929,-2.0113928,-3.2813928,-3.411393
6.168607,4.118607,1.4786072,-0.7713928,1.4786072,3.068607,4.038607,4.388607,5.078607,4.208607,3.8686073,4.0486073,4.188607,4.9886074,5.3186073,7.498607,5.118607,5.248607,5.478607,5.618607,5.638607,3.6886072,5.0686073,5.848607,6.218607,7.598607,5.098607,6.728607,5.808607,5.218607,5.8186073,5.768607,5.5486073,5.808607,5.6086073,4.978607,3.9086072,3.0186071,2.558607,2.588607,2.098607,1.5286071,1.2186072,0.99860716,1.9886072,0.8986072,2.1886072,2.6486073,1.0286071,0.7686072,0.67860717,0.5786072,-0.33139282,-0.21139282,-1.3413929,-1.9513928,-1.9513928,-1.8213928
6.868607,4.0086074,5.928607,8.768607,6.958607,5.388607,3.848607,3.8986073,4.688607,5.938607,2.5286071,3.1786072,3.9786072,4.698607,4.6286073,6.768607,5.828607,5.638607,5.718607,6.118607,6.0086074,5.928607,6.168607,7.018607,7.0686073,8.758607,7.7386074,6.4886074,6.638607,8.068607,7.7786074,8.058607,4.3386073,3.1586072,4.6286073,2.9286072,2.0286071,2.0186071,0.8586072,0.31860718,0.5286072,0.74860716,-0.87139285,-1.0513928,-0.8513928,-0.36139283,0.17860718,-0.5213928,-1.0513928,-1.1113929,-1.3013928,-0.121392824,-0.7713928,-0.0113928225,-0.69139284,-1.0313928,-1.3813928,-1.8513929
7.0886073,6.808607,7.248607,6.1486073,3.6486073,4.908607,5.788607,6.7386074,7.5486073,7.418607,6.438607,3.7686071,5.038607,5.7786074,6.018607,9.178607,8.308607,8.108607,8.6586075,7.8986073,6.0686073,5.7986073,6.308607,6.5086074,6.728607,7.2986073,7.5286074,8.028607,8.058607,8.128607,9.858607,7.118607,1.6986072,1.4386072,1.3186072,1.2886071,1.0386071,0.48860717,2.058607,1.5886072,1.9486072,1.4586072,0.19860718,-0.75139284,-0.42139283,-0.021392822,-0.021392822,-1.5313928,-0.8413928,-1.1213928,-1.2813928,-0.5913928,-0.7913928,-0.7913928,-0.38139284,-0.5513928,-0.63139284,-0.9513928
6.748607,7.808607,7.5486073,6.558607,5.638607,6.168607,6.558607,7.188607,3.548607,5.8786073,6.3186073,6.078607,7.0286074,5.888607,5.948607,6.0886073,9.128607,7.0686073,6.1286073,6.3986073,6.268607,5.268607,5.2586074,5.718607,6.018607,6.208607,5.3386073,6.3986073,6.538607,5.918607,7.598607,4.688607,6.788607,1.8186072,1.0186071,1.1886072,3.4986072,1.8686072,2.6486073,2.7186072,3.6386073,0.9686072,1.5286071,1.7686071,0.86860716,1.1886072,2.6786072,2.568607,2.5186071,0.80860716,0.06860718,1.9486072,0.68860716,0.2786072,0.008607178,0.6086072,0.9486072,-0.121392824
7.158607,7.908607,7.408607,7.268607,6.8986073,7.228607,6.328607,6.1086073,4.0086074,4.708607,6.228607,6.708607,6.8586073,6.598607,8.378607,10.168607,7.658607,5.968607,5.968607,6.058607,5.8986073,6.2586074,6.288607,6.0486073,5.8186073,5.2786074,5.478607,4.618607,5.408607,4.518607,4.7586074,2.6286073,2.8786073,1.5286071,2.3686073,2.1786072,2.308607,2.9286072,3.588607,6.948607,5.7586074,8.4086075,1.0386071,-0.23139282,2.308607,3.0286071,1.6286072,1.6286072,1.6386071,0.9486072,0.6486072,0.5286072,-1.0113928,1.9586072,2.6286073,1.2286072,2.0386071,1.5686072
3.598607,3.6286073,5.8386073,5.668607,6.5486073,10.048607,5.3586073,6.018607,6.058607,7.2586074,7.348607,7.158607,6.8786073,5.968607,6.248607,5.978607,6.598607,6.0686073,6.5686073,6.098607,5.118607,5.698607,6.218607,5.828607,5.788607,6.118607,6.2386074,6.308607,7.0886073,5.6086073,2.848607,1.8286072,3.058607,3.6486073,2.7286072,1.1586071,3.828607,3.1486073,4.7986073,6.918607,6.888607,5.058607,2.2786071,3.8986073,3.6486073,3.6486073,4.218607,0.92860717,1.7686071,2.2686071,1.0186071,4.688607,2.9686072,2.6486073,3.4286072,2.558607,1.8786072,1.3586072
