tmp/wind-global.json
{"header": {"discipline":0,"disciplineName":"Meteorological products","gribEdition":2,"gribLength":47710,"center":7,"centerName":"US National Weather Service - NCEP(WMC)","subcenter":0,"refTime":"2021-01-19T00:00:00.000Z","significanceOfRT":1,"significanceOfRTName":"Start of forecast","productStatus":0,"productStatusName":"Operational products","productType":1,"productTypeName":"Forecast products","productDefinitionTemplate":0,"productDefinitionTemplateName":"Analysis/forecast at horizontal level/layer at a point in time","parameterCategory":0,"parameterCategoryName":"Temperature","parameterNumber":0,"parameterNumberName":"Temperature","parameterUnit":"K","genProcessType":2,"genProcessTypeName":"Forecast","forecastTime":0,"surface1Type":1,"surface1TypeName":"Ground or water surface","surface1Value":0.0,"surface2Type":255,"surface2TypeName":"Missing","surface2Value":0.0,"gridDefinitionTemplate":0,"gridDefinitionTemplateName":"Latitude_Longitude","numberPoints":65160,"shape":6,"shapeName":"Earth spherical with radius of 6,371,229.0 m","gridUnits":"degrees","resolution":48,"winds":"true","scanMode":0,"nx":360,"ny":181,"basicAngle":0,"lo1":0.0,"la1":90.0,"lo2":359.0,"la2":-90.0,"dx":1.0,"dy":1.0}, "data":
[rows 0 to 26 of 181, columns 122 to 182 of 360]
241.94942,241.94942,241.94942,241.94942,241.94942,241.94942,241.94942,241.94942,241.94942,241.94942,241.94942,241.94942,241.94942,241.94942,241.94942,241.94942,241.94942,241.94942,241.94942,241.94942,241.94942,241.94942,241.94942,241.94942,241.94942,241.94942,241.94942,241.94942,241.94942,241.94942,241.94942,241.94942,241.94942,241.94942,241.94942,241.94942,241.94942,241.94942,241.94942,241.94942,241.94942,241.94942,241.94942,241.94942,241.94942,241.94942,241.94942,241.94942,241.94942,241.94942,241.94942,241.94942,241.94942,241.94942,241.94942,241.94942,241.94942,241.94942,241.94942,241.94942,241.94942
241.54941,241.54941,241.54941,241.34941,241.34941,241.34941,241.34941,241.34941,241.24942,240.94942,240.94942,240.94942,240.94942,240.94942,241.04941,241.04941,241.04941,241.04941,241.44942,241.44942,241.44942,241.24942,241.24942,241.14941,241.14941,241.14941,241.04941,241.04941,241.04941,241.04941,241.04941,241.04941,241.04941,241.04941,240.64941,240.64941,240.64941,240.64941,240.64941,240.64941,240.64941,240.84941,240.84941,240.84941,240.84941,240.84941,240.84941,240.84941,240.74942,240.74942,240.74942,240.74942,240.74942,240.74942,240.74942,240.74942,240.74942,240.44942,240.44942,240.44942,240.44942
241.24942,241.24942,241.44942,241.44942,241.44942,241.54941,241.54941,241.04941,241.04941,241.04941,241.04941,241.24942,240.94942,240.94942,240.84941,240.84941,240.74942,240.74942,240.64941,240.64941,240.64941,240.64941,240.64941,240.54941,240.54941,240.54941,240.54941,240.64941,240.64941,240.64941,240.54941,240.54941,240.54941,240.44942,240.44942,240.44942,240.44942,240.64941,240.64941,240.64941,240.64941,240.54941,240.64941,240.64941,240.64941,240.54941,240.44942,240.44942,240.14941,240.04941,240.04941,240.14941,240.44942,240.44942,240.44942,240.44942,240.04941,240.04941,240.04941,239.94942,240.14941
240.94942,240.84941,240.84941,240.94942,240.94942,241.04941,240.94942,240.94942,240.84941,240.84941,240.84941,240.74942,240.74942,240.64941,240.54941,240.44942,240.44942,240.44942,240.64941,240.74942,240.24942,240.24942,240.24942,240.34941,240.34941,240.34941,240.04941,240.04941,239.94942,239.94942,239.64941,239.64941,239.64941,239.74942,239.84941,239.84941,240.14941,240.14941,240.04941,239.74942,239.74942,239.74942,239.74942,239.74942,239.44942,239.44942,239.94942,239.94942,239.44942,239.24942,239.24942,239.54941,239.54941,239.44942,239.54941,239.54941,239.54941,239.54941,239.84941,239.84941,239.84941
240.74942,240.74942,240.74942,240.74942,240.74942,240.74942,240.64941,240.64941,240.54941,240.54941,240.44942,240.34941,240.34941,240.34941,240.14941,240.04941,240.04941,239.74942,239.64941,239.64941,239.54941,239.34941,239.24942,239.24942,239.24942,239.14941,239.04941,239.04941,239.04941,239.14941,239.14941,238.94942,238.94942,238.94942,239.04941,239.14941,239.04941,239.04941,239.14941,239.24942,239.14941,239.24942,239.24942,239.24942,239.24942,239.54941,239.54941,239.64941,239.74942,239.84941,239.94942,239.94942,240.24942,240.24942,240.34941,240.34941,240.54941,240.34941,240.74942,240.64941,240.74942
240.64941,240.64941,240.54941,240.44942,240.44942,240.44942,240.54941,240.44942,240.44942,240.44942,240.24942,240.24942,240.04941,240.04941,239.84941,239.74942,239.54941,239.34941,239.34941,239.24942,239.14941,239.14941,239.04941,238.94942,238.94942,238.94942,238.94942,238.94942,238.94942,238.94942,238.94942,239.04941,239.04941,239.04941,239.04941,239.04941,239.04941,239.04941,239.34941,239.34941,239.54941,240.24942,240.34941,240.44942,240.24942,240.34941,240.34941,240.84941,240.84941,240.84941,241.34941,241.84941,241.84941,241.84941,242.04941,242.04941,241.74942,241.94942,241.94942,241.64941,241.94942
240.94942,240.84941,240.74942,240.74942,240.64941,240.64941,240.64941,240.64941,240.54941,240.44942,240.44942,240.24942,240.04941,239.94942,239.74942,239.74942,239.64941,239.54941,239.44942,239.44942,239.24942,239.14941,239.04941,239.04941,238.94942,238.94942,238.94942,238.94942,238.84941,238.84941,238.94942,238.94942,239.54941,239.74942,239.74942,239.94942,240.14941,240.44942,240.54941,240.54941,240.74942,240.84941,241.04941,241.04941,241.24942,241.64941,241.64941,241.94942,242.04941,242.04941,242.04941,241.84941,242.24942,242.14941,242.14941,241.44942,241.34941,241.14941,241.34941,241.34941,241.04941
241.14941,241.04941,241.14941,241.34941,240.84941,241.14941,240.74942,240.94942,240.54941,240.54941,240.34941,240.24942,240.24942,240.34941,240.34941,240.14941,240.04941,239.74942,239.74942,239.54941,239.54941,239.54941,239.54941,239.54941,239.64941,239.54941,239.84941,240.04941,240.14941,240.54941,240.74942,240.74942,240.84941,241.04941,241.14941,241.34941,241.44942,241.54941,241.74942,241.84941,241.94942,242.04941,242.34941,241.84941,241.74942,241.74942,241.64941,241.24942,241.04941,240.94942,241.04941,241.34941,241.04941,241.64941,241.44942,241.64941,241.14941,240.84941,240.34941,240.54941,240.24942
241.64941,241.74942,241.74942,241.54941,241.54941,241.44942,241.44942,241.34941,241.44942,241.24942,241.04941,240.84941,240.64941,240.44942,240.34941,240.34941,240.34941,240.34941,240.44942,240.24942,240.24942,240.44942,240.74942,240.94942,241.14941,241.34941,241.34941,241.54941,241.64941,241.64941,241.84941,241.74942,241.84941,242.04941,242.14941,242.04941,241.94942,241.84941,241.74942,241.64941,241.54941,241.44942,241.34941,241.54941,241.44942,241.34941,241.34941,241.24942,241.44942,241.64941,241.74942,242.14941,242.44942,242.64941,242.64941,242.94942,242.84941,243.24942,243.84941,243.84941,243.74942
242.34941,242.44942,242.34941,241.94942,242.04941,242.04941,241.54941,241.44942,241.44942,241.44942,241.44942,241.24942,241.24942,241.24942,241.24942,241.54941,241.64941,241.94942,242.14941,242.24942,242.44942,242.34941,242.54941,242.54941,242.64941,243.34941,243.04941,242.74942,243.04941,242.94942,243.04941,243.04941,242.84941,242.84941,242.94942,242.94942,243.34941,243.24942,243.24942,243.54941,243.64941,243.54941,243.94942,243.84941,244.34941,244.44942,244.44942,244.54941,245.04941,245.64941,245.44942,245.34941,245.64941,245.54941,245.14941,245.04941,245.04941,244.74942,244.34941,244.14941,243.94942
241.94942,242.04941,242.44942,242.44942,242.44942,242.44942,242.44942,242.84941,242.84941,243.04941,243.34941,243.34941,243.44942,243.94942,243.54941,243.54941,243.44942,243.24942,243.44942,243.64941,243.74942,243.74942,244.04941,243.84941,244.04941,243.94942,244.44942,243.94942,244.14941,244.14941,244.44942,244.34941,244.44942,244.24942,244.04941,244.04941,244.04941,243.94942,243.94942,244.14941,244.94942,245.14941,245.44942,246.04941,245.84941,246.14941,246.54941,246.64941,246.84941,247.04941,247.34941,247.14941,247.14941,247.04941,246.84941,246.64941,246.44942,245.84941,245.44942,245.34941,244.94942
243.24942,243.34941,243.34941,243.74942,243.94942,244.24942,244.34941,244.64941,244.44942,244.64941,244.84941,244.94942,244.84941,244.94942,244.74942,244.94942,245.24942,245.24942,245.14941,245.24942,245.34941,245.44942,245.44942,245.14941,244.94942,245.14941,245.04941,245.04941,245.54941,245.04941,245.14941,245.44942,245.34941,245.74942,246.14941,246.34941,246.64941,246.84941,246.94942,247.14941,247.24942,247.24942,247.44942,247.54941,247.64941,247.64941,248.04941,248.74942,248.94942,249.24942,249.04941,248.94942,248.64941,248.44942,248.44942,248.24942,248.04941,247.84941,247.04941,246.64941,246.74942
244.24942,244.34941,244.64941,244.74942,244.94942,245.14941,245.34941,245.34941,245.84941,245.44942,245.54941,245.64941,245.74942,245.94942,246.04941,246.34941,246.34941,246.14941,246.04941,246.04941,246.24942,246.04941,246.24942,245.84941,246.14941,246.04941,246.14941,246.54941,246.54941,246.74942,247.04941,247.44942,247.34941,247.54941,247.44942,247.34941,247.44942,247.54941,247.54941,247.64941,247.84941,247.94942,248.24942,248.54941,248.64941,248.84941,249.24942,249.44942,249.54941,249.34941,249.24942,249.44942,249.54941,248.84941,248.74942,248.44942,248.44942,247.94942,247.04941,246.64941,246.04941
244.24942,244.44942,244.74942,244.84941,245.14941,245.24942,245.54941,245.64941,245.84941,246.14941,246.24942,246.64941,246.84941,247.04941,247.24942,247.44942,247.44942,247.44942,247.34941,247.44942,247.14941,246.94942,247.04941,246.94942,246.84941,246.64941,246.84941,246.94942,247.14941,247.34941,247.54941,247.74942,247.74942,247.54941,247.74942,247.84941,247.94942,248.24942,248.24942,248.34941,248.64941,248.94942,248.84941,249.34941,249.44942,249.24942,248.94942,248.24942,247.74942,247.34941,246.84941,247.04941,247.04941,246.84941,246.44942,245.94942,245.74942,245.14941,244.24942,243.84941,243.24942
242.64941,243.04941,244.04941,243.94942,244.04941,244.24942,244.64941,244.64941,245.14941,245.44942,245.94942,245.94942,246.54941,247.04941,247.14941,247.44942,247.14941,247.44942,247.84941,259.74942,248.24942,247.94942,247.74942,247.84941,247.74942,247.84941,247.84941,247.44942,247.54941,247.74942,247.84941,247.94942,247.94942,248.04941,248.54941,248.54941,248.74942,248.74942,248.94942,248.74942,248.44942,247.54941,246.24942,245.44942,244.44942,243.34941,241.84941,241.44942,241.44942,241.34941,241.24942,242.14941,242.44942,242.34941,242.94942,242.84941,242.94942,243.44942,243.44942,243.64941,243.54941
240.14941,240.24942,240.24942,240.64941,240.44942,240.64941,240.74942,241.54941,242.24942,243.14941,243.84941,244.24942,244.34941,244.44942,244.54941,244.44942,243.84941,243.04941,243.64941,243.44942,243.64941,243.94942,244.74942,246.54941,246.54941,246.54941,247.74942,248.84941,249.34941,248.54941,248.64941,248.94942,248.74942,249.04941,249.44942,249.14941,248.34941,248.24942,246.94942,244.84941,243.74942,243.34941,242.34941,241.64941,241.14941,240.94942,240.34941,240.24942,240.14941,239.74942,239.74942,240.14941,240.34941,240.84941,241.34941,242.64941,243.14941,244.04941,244.34941,244.54941,245.14941
239.34941,239.34941,239.04941,239.34941,239.54941,239.94942,240.34941,240.94942,240.44942,240.14941,239.74942,239.84941,240.24942,240.54941,240.54941,241.44942,241.54941,242.04941,241.94942,243.04941,243.04941,243.44942,244.14941,244.84941,245.04941,245.94942,246.84941,248.04941,249.34941,249.24942,248.74942,249.04941,249.14941,249.04941,249.04941,248.74942,247.74942,245.74942,242.54941,241.94942,241.94942,241.94942,242.64941,243.04941,243.04941,242.64941,242.14941,241.94942,240.64941,239.74942,239.54941,239.84941,239.64941,240.94942,241.84941,243.04941,244.14941,245.04941,245.34941,245.64941,246.24942
236.14941,235.64941,237.54941,237.64941,238.14941,236.74942,238.34941,239.74942,238.34941,238.64941,238.84941,238.94942,239.44942,239.54941,240.14941,240.04941,240.04941,240.14941,240.34941,240.44942,240.94942,240.94942,241.54941,241.64941,242.14941,242.34941,243.14941,244.84941,246.04941,248.04941,249.64941,249.44942,249.34941,249.24942,248.84941,248.84941,248.14941,244.74942,242.44942,241.44942,240.44942,240.14941,240.34941,241.44942,242.64941,244.24942,244.74942,244.54941,243.64941,242.74942,242.24942,240.74942,240.04941,240.14941,241.44942,242.74942,243.84941,245.74942,245.84941,246.24942,246.84941
236.34941,236.34941,235.84941,234.84941,234.64941,234.24942,235.74942,237.44942,237.04941,237.34941,236.94942,237.04941,237.14941,237.14941,237.54941,237.74942,237.94942,238.04941,236.34941,235.44942,234.64941,232.64941,232.94942,235.64941,240.14941,237.84941,238.24942,238.94942,241.94942,242.64941,242.94942,244.44942,245.94942,247.14941,248.94942,248.94942,248.84941,248.74942,247.14941,244.54941,241.34941,240.54941,239.84941,239.54941,240.34941,242.34941,244.54941,245.74942,245.24942,244.14941,242.54941,242.04941,240.44942,240.84941,240.84941,240.94942,242.64941,244.84941,246.04941,246.54941,246.84941
224.84941,228.74942,230.54941,228.14941,231.14941,230.74942,233.04941,232.94942,233.54941,236.74942,232.44942,230.34941,230.14941,230.04941,230.94942,232.44942,233.84941,234.94942,235.24942,235.14941,234.74942,234.14941,232.64941,231.04941,231.64941,234.44942,234.94942,235.74942,236.74942,237.04941,237.14941,239.64941,240.94942,240.84941,241.14941,242.74942,243.54941,245.24942,245.44942,246.64941,246.44942,246.94942,246.74942,246.04941,245.54941,245.54941,245.84941,245.04941,244.74942,243.64941,241.94942,241.54941,241.94942,241.84941,240.94942,241.14941,242.54941,241.54941,243.34941,245.54941,244.04941
222.74942,220.94942,221.94942,223.54941,226.74942,229.64941,235.74942,240.64941,238.04941,235.64941,234.04941,234.94942,234.54941,232.44942,228.14941,225.84941,226.84941,230.54941,238.64941,237.14941,235.44942,231.64941,230.64941,231.84941,230.94942,231.04941,230.34941,232.14941,232.34941,232.94942,232.94942,233.94942,234.44942,235.64941,236.34941,236.44942,236.84941,237.14941,237.74942,237.44942,235.74942,234.54941,236.54941,238.04941,239.04941,240.44942,240.74942,240.54941,239.14941,236.94942,235.34941,240.44942,239.64941,238.74942,238.54941,239.14941,240.34941,240.84941,242.24942,243.14941,246.04941
221.84941,223.54941,221.14941,223.24942,225.14941,229.24942,235.74942,239.94942,235.84941,235.34941,235.44942,231.64941,229.44942,228.84941,229.94942,228.94942,234.84941,234.24942,229.84941,227.94942,227.74942,227.34941,227.64941,227.84941,229.34941,228.44942,229.84941,231.14941,231.74942,231.44942,230.34941,231.24942,231.14941,232.54941,231.24942,232.54941,232.44942,233.24942,233.64941,231.54941,228.24942,234.14941,232.84941,239.34941,237.24942,235.14941,234.94942,236.74942,239.74942,234.84941,226.64941,229.34941,230.34941,234.24942,234.84941,234.34941,237.24942,239.74942,241.64941,240.74942,241.24942
223.84941,223.54941,221.54941,220.74942,222.44942,228.34941,237.14941,237.84941,236.64941,235.84941,234.24942,233.14941,231.04941,230.44942,230.34941,232.74942,237.64941,241.84941,232.04941,228.74942,232.64941,229.24942,225.44942,225.04941,224.74942,224.74942,226.34941,226.14941,228.14941,229.34941,229.24942,228.34941,228.74942,231.14941,228.84941,227.84941,227.14941,226.04941,227.54941,224.44942,223.64941,223.54941,225.94942,224.44942,225.84941,230.94942,231.44942,233.24942,230.94942,231.24942,230.34941,229.94942,232.94942,234.04941,233.24942,233.54941,236.44942,237.24942,238.74942,243.44942,244.24942
218.14941,219.84941,221.64941,219.14941,221.84941,229.74942,235.24942,234.84941,235.24942,234.54941,233.94942,233.34941,233.14941,232.64941,231.84941,232.54941,230.04941,238.24942,235.04941,230.44942,229.64941,229.54941,232.54941,230.14941,225.54941,227.74942,226.44942,227.34941,225.84941,225.64941,224.14941,225.64941,223.64941,223.94942,223.44942,225.24942,227.84941,224.54941,223.94942,225.64941,224.34941,223.34941,223.84941,223.94942,228.34941,236.14941,234.24942,232.44942,236.04941,236.14941,234.34941,233.34941,232.74942,235.74942,233.24942,236.64941,239.34941,235.54941,240.44942,241.64941,242.74942
221.14941,219.94942,227.44942,218.44942,219.04941,227.04941,227.14941,225.34941,228.04941,230.74942,230.84941,231.94942,232.74942,230.94942,236.24942,234.24942,237.74942,242.64941,244.54941,234.34941,231.04941,227.24942,226.94942,227.44942,232.54941,237.64941,229.44942,226.44942,228.44942,228.24942,226.34941,225.24942,229.34941,230.64941,230.14941,228.84941,227.44942,225.84941,227.44942,228.14941,230.34941,231.24942,232.54941,229.64941,231.64941,232.04941,235.44942,237.84941,234.94942,238.14941,238.24942,235.84941,234.14941,238.64941,239.74942,241.14941,241.44942,242.64941,244.14941,247.74942,243.84941
223.54941,221.04941,222.64941,224.94942,223.24942,219.84941,225.04941,225.74942,224.04941,223.94942,225.54941,227.94942,229.04941,230.74942,232.14941,235.14941,240.94942,236.94942,242.84941,242.94942,245.04941,238.24942,240.64941,238.24942,240.24942,229.94942,235.54941,231.74942,230.04941,229.34941,226.44942,228.24942,230.64941,227.94942,228.14941,227.34941,227.24942,225.74942,229.04941,225.94942,229.24942,233.74942,233.64941,232.54941,238.94942,233.14941,232.34941,234.44942,232.84941,232.74942,231.64941,231.34941,233.94942,234.24942,235.84941,236.94942,233.94942,240.84941,244.84941,249.34941,250.84941
222.44942,223.14941,223.14941,223.04941,221.44942,222.34941,219.94942,219.64941,217.84941,218.44942,227.04941,232.44942,232.44942,235.64941,233.54941,235.14941,239.74942,237.64941,238.94942,240.14941,239.04941,239.44942,243.84941,233.24942,240.64941,238.74942,234.84941,234.24942,230.44942,230.84941,231.34941,229.34941,228.64941,228.14941,228.94942,228.74942,234.04941,230.64941,236.24942,229.74942,232.24942,236.24942,235.44942,236.54941,235.24942,239.64941,241.34941,235.04941,232.34941,233.04941,230.74942,230.74942,232.74942,236.14941,233.34941,236.24942,236.94942,243.54941,247.94942,259.4494,263.1494
