tmp/wind-global.json
{"header": {"discipline":0,"disciplineName":"Meteorological products","gribEdition":2,"gribLength":78112,"center":7,"centerName":"US National Weather Service - NCEP(WMC)","subcenter":0,"refTime":"2021-01-19T00:00:00.000Z","significanceOfRT":1,"significanceOfRTName":"Start of forecast","productStatus":0,"productStatusName":"Operational products","productType":1,"productTypeName":"Forecast products","productDefinitionTemplate":0,"productDefinitionTemplateName":"Analysis/forecast at horizontal level/layer at a point in time","parameterCategory":2,"parameterCategoryName":"Momentum","parameterNumber":3,"parameterNumberName":"V-component_of_wind","parameterUnit":"m.s-1","genProcessType":2,"genProcessTypeName":"Forecast","forecastTime":0,"surface1Type":103,"surface1TypeName":"Specified height level above ground","surface1Value":10.0,"surface2Type":255,"surface2TypeName":"Missing","surface2Value":0.0,"gridDefinitionTemplate":0,"gridDefinitionTemplateName":"Latitude_Longitude","numberPoints":65160,"shape":6,"shapeName":"Earth spherical with radius of 6,371,229.0 m","gridUnits":"degrees","resolution":48,"winds":"true","scanMode":0,"nx":360,"ny":181,"basicAngle":0,"lo1":0.0,"la1":90.0,"lo2":359.0,"la2":-90.0,"dx":1.0,"dy":1.0}, "data":
[rows 0 to 24 of 181, columns 0 to 57 of 360]
2.9757044,3.0257044,3.0757043,3.1257043,3.1757042,3.2257044,3.2757044,3.3257043,3.3657043,3.4157043,3.4557045,3.5057044,3.5457044,3.5857043,3.6257043,3.6657043,3.7057045,3.7357044,3.7757044,3.8057044,3.8357043,3.8757043,3.9057043,3.9357042,3.9557045,3.9857044,4.015704,4.035704,4.0657043,4.0857043,4.1057043,4.1257043,4.1457043,4.1557045,4.1757045,4.1957045,4.205704,4.2157044,4.225704,4.2357044,4.245704,4.2557044,4.2557044,4.265704,4.265704,4.265704,4.265704,4.265704,4.265704,4.2557044,4.2557044,4.245704,4.245704,4.2357044,4.225704,4.2157044,4.1957045,4.185704
2.6457043,2.7057045,2.7557044,2.7957044,2.8457043,2.8857043,2.9357042,2.9757044,3.0157044,3.0557044,3.0857043,3.1257043,3.1557043,3.1957045,3.2257044,3.2657044,3.3057044,3.3557043,3.3957043,3.4457045,3.4757044,3.5157044,3.5457044,3.5757043,3.5957043,3.6157043,3.6557043,3.6757042,3.7057045,3.7257044,3.7357044,3.7657044,3.7857044,3.8057044,3.8257043,3.8457043,3.8757043,3.9057043,3.9257042,3.9457045,3.9757044,4.0057044,4.0257044,4.0457044,4.0757046,4.0957046,4.1057043,4.1057043,4.1157045,4.1157045,4.1157045,4.1157045,4.1157045,4.1157045,4.1157045,4.1157045,4.1157045,4.0957046
1.7957044,1.8557043,1.9157044,1.9657043,2.0157044,2.0657043,2.0957043,2.1457043,2.1957045,2.2457044,2.2957044,2.3457043,2.4157043,2.4757044,2.5457044,2.6157043,2.6957045,2.7757044,2.8557043,2.9357042,3.0057044,3.0457044,3.0857043,3.1257043,3.1757042,3.2457044,3.3157043,3.3957043,3.4657044,3.5357044,3.5957043,3.6457043,3.6857042,3.7157044,3.7357044,3.7457044,3.7557044,3.7757044,3.8057044,3.8357043,3.8857043,3.9357042,3.9657044,3.9957044,4.0257044,4.035704,4.055704,4.0657043,4.0857043,4.1057043,4.1257043,4.1357045,4.1557045,4.1757045,4.185704,4.1957045,4.2157044,4.225704
1.3757043,1.3657043,1.3657043,1.3657043,1.3757043,1.3957044,1.4157044,1.4457043,1.4857043,1.5257044,1.5757043,1.6157043,1.6657044,1.7357043,1.8157043,1.9257044,2.0257044,2.1157043,2.1957045,2.2657044,2.3557043,2.4457045,2.5557044,2.6457043,2.7257044,2.8057044,2.8657043,2.9057043,2.9557045,3.0157044,3.0557044,3.0957043,3.1157043,3.1357043,3.1657043,3.2057045,3.2757044,3.3657043,3.4557045,3.5357044,3.5957043,3.6457043,3.6757042,3.7057045,3.7357044,3.7757044,3.8357043,3.8757043,3.9257042,3.9557045,3.9657044,3.9757044,4.0057044,4.0457044,4.0957046,4.1257043,4.1457043,4.1457043
1.4757043,1.4957043,1.4657043,1.4157044,1.3557043,1.3457043,1.3457043,1.4157044,1.4857043,1.5957043,1.7057043,1.7357043,1.7657044,1.8057044,1.8757043,1.9957043,2.1057043,2.1657043,2.2357044,2.3557043,2.5157044,2.6557043,2.7457044,2.8357043,2.8557043,2.8357043,2.7657044,2.6757042,2.6057043,2.5857043,2.6057043,2.6457043,2.7057045,2.7857044,2.8657043,2.9157043,2.9657044,3.0157044,3.0757043,3.1157043,3.1657043,3.2057045,3.2357044,3.2657044,3.3057044,3.3257043,3.3957043,3.4857044,3.5757043,3.6857042,3.7857044,3.8357043,3.8657043,3.8557043,3.8257043,3.7857044,3.7457044,3.7157044
0.27570435,0.34570435,0.45570433,0.57570434,0.68570435,0.73570436,0.75570434,0.79570436,0.88570434,0.99570435,0.99570435,1.0757043,1.2157043,1.3057044,1.4557043,1.6357044,1.7657044,1.8057044,1.7457043,1.7657044,1.8457043,1.9757043,2.1557043,2.1657043,2.1257043,2.0857043,2.0857043,2.1057043,2.1857042,2.3157043,2.4057043,2.4557045,2.5157044,2.6157043,2.7657044,2.8557043,2.9857044,3.1357043,3.2057045,3.2957044,3.4757044,3.5757043,3.6257043,3.7257044,3.9957044,4.2957044,4.4257045,4.3457046,4.2157044,4.035704,3.9057043,3.9157043,3.9157043,3.8657043,3.9057043,4.035704,4.1957045,4.1957045
-0.89429563,-0.82429564,-0.73429567,-0.63429564,-0.5242956,-0.43429565,-0.30429566,-0.14429565,0.0057043456,0.13570434,0.25570434,0.36570436,0.44570434,0.54570436,0.62570435,0.62570435,0.57570434,0.57570434,0.6557043,0.74570435,0.86570436,1.0457044,1.2357043,1.2857044,1.2957044,1.3357043,1.3557043,1.3357043,1.3157043,1.3657043,1.4557043,1.5957043,1.7457043,1.8657043,1.9757043,2.1257043,2.2957044,2.4557045,2.5357044,2.6457043,2.7657044,2.8257043,2.8357043,2.8757043,2.9457045,3.0457044,3.1657043,3.2457044,3.2457044,3.2057045,3.2157044,3.2957044,3.3457043,3.3257043,3.2757044,3.2057045,3.1457043,3.1157043
-1.9642956,-1.9142957,-1.8642956,-1.8542956,-1.9042957,-1.9442956,-1.9542956,-1.9642956,-1.9742956,-1.9442956,-1.9042957,-1.8842957,-1.8242956,-1.8842957,-1.9542956,-1.8442956,-1.7642957,-1.5742956,-1.3842957,-1.1442957,-1.0342957,-0.9142957,-0.68429565,-0.6042957,-0.21429566,0.055704344,0.54570436,1.0257044,1.6157043,2.1757042,2.7157044,3.1357043,3.2857044,3.4157043,3.5357044,3.6157043,3.6257043,3.6757042,3.5857043,3.4057043,3.1357043,2.9557045,2.9757044,2.6657043,2.3857043,2.4357042,2.6157043,2.7257044,2.8657043,2.8957043,2.9857044,3.1157043,3.2557044,3.3057044,3.3057044,3.2857044,3.2457044,3.1857042
-3.6342957,-3.6642957,-3.7142956,-3.7042956,-3.6642957,-3.6442957,-3.5642958,-3.2942955,-2.7242956,-2.0542955,-1.2642957,-0.33429566,0.41570434,1.0857043,1.4957043,1.7057043,2.0557044,2.2557044,2.6557043,3.1257043,3.7457044,4.185704,4.4157043,4.6257043,4.8657045,5.0957046,5.3257046,5.515704,5.555704,5.495704,5.3857045,5.285704,5.2357044,5.2157044,5.1657043,5.0657043,4.975704,4.7757044,4.2757044,3.4257042,3.0657043,2.8657043,2.6357043,2.3657043,2.3957043,2.3557043,2.3157043,2.4057043,2.4657044,2.4957044,2.5657043,2.6357043,2.9557045,3.6157043,4.3457046,4.935704,5.0057044,4.8657045
-4.5142956,-3.9942956,-3.3442957,-2.6742957,-2.1542957,-1.7942957,-1.5042957,-1.0842956,-0.76429564,-0.42429566,-0.054295655,0.45570433,0.91570437,1.4257044,1.9957043,2.5357044,2.8857043,3.1857042,3.5157044,3.8057044,4.1057043,4.3657045,4.3657045,4.2757044,4.185704,4.1757045,4.1457043,4.2757044,4.2557044,4.0857043,3.6657043,2.9157043,2.7557044,2.7057045,2.6057043,2.5257044,2.4157043,2.3857043,2.4557045,2.4257042,2.3357043,2.2357044,2.2257044,2.3157043,2.7357044,3.1657043,3.3257043,3.4057043,3.4657044,3.4157043,3.2257044,3.6057043,3.5057044,2.3657043,0.7257044,1.1657044,1.7057043,2.4457045
-1.2542957,-1.1242957,-1.3642956,-1.4942956,-1.5542957,-1.6442957,-1.7742957,-1.5542957,-1.1042956,-0.5242956,-0.074295655,0.46570435,1.5757043,2.0757043,2.1357043,2.5657043,3.2557044,8.065704,6.2557044,2.5957043,2.7757044,2.5457044,2.4457045,1.8457043,3.5157044,3.7157044,2.9857044,2.8557043,2.3257043,1.7057043,1.4857043,1.3357043,0.99570435,0.88570434,0.88570434,0.92570436,0.94570434,0.9657043,1.0057044,1.1057043,1.1757044,1.2457043,1.1357044,1.0957043,1.1957043,1.0857043,0.9657043,0.69570434,0.045704346,0.20570435,0.88570434,1.4657043,1.3057044,0.70570433,1.5057044,2.0757043,1.0557044,0.025704347
3.0757043,3.0257044,3.5957043,3.7157044,3.2957044,3.3157043,3.7057045,3.7957044,3.4257042,2.3057044,1.1957043,1.3157043,0.60570437,-0.21429566,-0.21429566,-0.73429567,0.21570435,0.46570435,1.6557044,0.43570435,-0.81429565,-1.4642956,-2.0442955,-2.7542956,-3.3542957,-3.5242956,-2.8942957,-2.0342956,-1.4842956,-1.1542957,-0.89429563,-0.7742956,-0.64429563,-0.5942957,-0.56429565,-0.29429567,-0.13429566,-0.36429566,-0.47429565,-0.29429567,-0.024295654,0.28570434,0.61570436,0.74570435,0.95570433,1.1557044,1.3257043,1.4957043,1.7357043,1.9357044,2.0457044,2.0557044,2.1457043,2.1857042,2.1257043,2.1457043,2.0557044,1.6957043
0.73570436,5.2357044,7.3557043,7.2157044,7.185704,6.5957046,5.4157043,4.7157044,4.6657043,3.8657043,2.7757044,1.4057044,-0.9742957,-4.6642957,-3.4142957,-0.62429565,-1.3042957,-1.5542957,-3.6742957,-6.564296,-5.3042955,-3.5342956,-3.2642956,-2.5542955,-2.5042956,-2.6142957,-2.2342956,-1.8042957,-1.4242957,-1.1242957,-0.8542957,-0.67429566,-0.69429564,-0.93429565,-1.0342957,-1.2742957,-1.4442956,-1.6042956,-1.9542956,-2.3742957,-2.4442956,-2.6042957,-2.7742956,-2.7542956,-2.2442956,-1.2042956,-0.16429566,0.66570437,1.2657044,1.7657044,2.1757042,2.6357043,3.1257043,3.3957043,3.4557045,3.4357042,3.3757043,3.2457044
-1.8242956,-2.0342956,-4.8742957,2.0957043,5.5257044,5.6657043,5.245704,4.8457046,3.7957044,2.3957043,0.91570437,-0.62429565,-2.0342956,-2.7442956,-2.8642957,-6.544296,-7.8642955,-7.504296,-5.6242957,-2.5742958,-2.2242956,-2.4542956,-2.6842957,-2.8542957,-2.5642958,-2.2342956,-2.0842957,-1.7942957,-1.5342957,-1.3042957,-1.4642956,-1.7142956,-1.9642956,-2.2242956,-2.3942957,-2.7142956,-2.9842956,-2.8842957,-2.6242957,-2.3042955,-1.9542956,-1.2842957,-0.74429566,-0.55429566,-0.47429565,-0.36429566,0.0057043456,0.74570435,1.3957044,1.8057044,2.4057043,3.3057044,4.0457044,4.7557044,4.7357044,4.3457046,4.0257044,3.8357043
-5.8942957,-5.2242956,-5.4542956,-8.524296,0.37570435,3.0657043,2.4557045,0.60570437,-1.5242957,-4.3942957,-6.4542956,-5.8342957,-4.464296,-1.8042957,0.13570434,1.0957043,0.93570435,0.5357044,0.055704344,-0.29429567,-0.40429565,-0.83429563,-1.0542957,-1.0242957,-1.1842957,-1.5942956,-1.9442956,-1.9342957,-1.7242956,-1.2142956,-0.94429564,-0.93429565,-1.1342957,-1.2042956,-1.3042957,-1.4642956,-1.3842957,-1.5742956,-1.4842956,-1.2842957,-1.2242956,-1.1542957,-1.2942957,-1.4642956,-1.5542957,-1.5342957,-1.2742957,-0.39429566,0.36570436,0.5257043,0.8457043,1.6557044,2.5157044,3.1657043,3.6557043,3.5857043,3.4057043,3.0857043
-7.5142956,-7.1742954,-7.044296,-8.354296,-8.504295,2.3057044,1.0257044,-0.63429564,-2.9442956,-4.964296,-6.6742954,-7.8742957,-7.9142957,-5.6642957,-3.6942956,-2.5142956,-1.6342957,-0.57429564,-0.19429566,-0.34429565,-0.20429565,0.21570435,0.69570434,0.99570435,1.1757044,1.2557044,0.94570434,1.1357044,1.4557043,1.3857044,0.9657043,0.69570434,0.30570436,0.26570433,0.56570435,0.99570435,1.3657043,1.6957043,2.0657043,2.2557044,2.2057045,1.2657044,0.46570435,0.015704345,-0.68429565,1.1457044,2.8357043,1.0957043,0.86570436,0.93570435,2.0357044,1.8257043,1.7457043,2.6557043,3.9057043,3.9957044,1.4757043,1.5757043
-8.684296,-8.244296,-7.8642955,-7.9242954,-8.824296,-4.7442956,1.1457044,-0.62429565,-1.5842956,-2.7742956,-4.064296,-5.4142957,-6.564296,-7.484296,-7.774296,-7.7042956,-7.4142957,-6.3742957,-4.504296,-2.3342957,-0.87429565,0.70570433,3.4157043,3.1557043,3.0157044,2.8457043,2.2757044,1.7657044,0.9757044,0.41570434,0.5257043,0.67570436,0.67570436,0.67570436,0.9057043,0.86570436,0.76570433,0.93570435,1.2857044,2.0957043,2.2457044,2.1757042,2.3857043,2.5757043,2.6957045,2.7157044,2.5457044,1.8657043,1.3057044,0.6457043,1.3957044,2.2957044,2.9057043,2.7857044,1.8557043,1.8857044,0.5857043,-1.4842956
-8.114296,-7.7842956,-6.9342957,-6.8842955,-6.8642955,-7.6342955,-3.7042956,-2.9442956,-0.6642957,-2.3642957,-2.7042956,-3.1042957,-3.6242957,-4.314296,-4.8442955,-5.294296,-5.6742954,-5.8442955,-5.9942956,-5.964296,-5.794296,-5.4542956,-5.4942956,-2.5442955,2.7557044,2.7957044,2.6257043,1.9057044,1.2957044,0.79570436,0.41570434,0.025704347,0.0057043456,-0.034295656,0.055704344,0.49570435,1.2157043,1.4357044,1.2457043,1.3357043,1.4957043,1.9457043,2.6957045,3.2657044,3.2757044,3.4057043,3.7957044,4.5957046,5.1557045,5.8357043,5.5657043,5.0057044,2.9257042,1.7357043,1.0557044,-0.25429565,-7.944296,-9.994296
-7.8642955,-7.1142955,-7.004296,-7.254296,-7.0742955,-5.3442955,-3.3042955,-3.2442956,-3.8342957,-3.9342957,-3.9842956,-1.7842957,-2.1842957,-2.8342957,-3.0542955,-3.1842957,-3.6642957,-4.1042957,-4.7842956,-5.5742955,-6.234296,-6.5742955,-6.564296,-6.3242955,-5.714296,-0.50429565,0.0057043456,-0.48429567,-0.6642957,-1.2542957,-1.5842956,-1.8842957,-2.1442957,-2.1942956,-1.6442957,-1.1842957,-0.82429564,0.045704346,0.62570435,1.1757044,1.5557044,1.2857044,1.4757043,2.4957044,3.0457044,3.4157043,4.1257043,4.6257043,5.0457044,4.455704,3.8857043,1.8857044,-0.16429566,-1.1842957,-4.544296,-6.9342957,-7.564296,-6.3842955
-3.4142957,-3.2242956,-3.0942957,-2.9642956,-3.0642958,-3.3142958,-3.3142958,-3.4742956,-3.4542956,-3.7242956,-3.9742956,-4.1242957,-3.7642956,-3.5042956,-1.1242957,-1.5442957,-3.0842957,-3.6342957,-3.8442957,-4.1642957,-4.8642955,-5.254296,-5.6142955,-6.1642957,-6.9242954,-5.944296,-5.7242956,-4.2442956,-4.254296,-5.1242957,-5.1542954,-4.984296,-4.6342955,-4.714296,-4.274296,-3.7242956,-2.8542957,-1.6442957,-0.55429566,0.5957043,1.7557044,2.6057043,3.5157044,4.3957043,5.0957046,5.7357044,5.7957044,4.7557044,3.3257043,2.9857044,2.0157044,1.0257044,-0.47429565,-2.4842956,-3.3442957,-3.4542956,-3.1242957,-5.3442955
-4.1842957,-3.8842957,-3.2742956,-3.0542955,-2.6442957,-2.3842957,-2.3342957,-2.4542956,-2.5342956,-2.6242957,-2.7442956,-3.2142956,-3.6842957,-3.2942955,-3.7542956,-3.6142957,-3.1642957,-2.6442957,-1.9542956,-1.5442957,-4.9142957,-3.0642958,-2.4642956,-2.5342956,-1.6742957,-1.9342957,-2.7542956,-3.2442956,-2.6242957,-4.6842957,-9.654296,-10.0942955,-9.084295,-8.834295,-8.244296,-7.6442957,-6.004296,-3.8742957,-1.5842956,-0.7242957,0.45570433,2.0557044,3.1257043,4.2357044,5.5757046,6.7357044,7.225704,7.6057043,7.5457044,7.5657043,7.3357043,7.1257043,6.3157043,4.5057044,2.3657043,1.7857044,0.54570436,-0.9642956
0.73570436,0.68570435,0.41570434,0.29570433,0.17570435,0.20570435,-0.5342957,-1.1242957,-1.8742957,-2.5042956,-3.2342956,-4.1242957,-4.6442957,-4.814296,-4.794296,-3.9542956,-0.8442957,0.34570435,0.31570435,1.0257044,0.015704345,-1.7142956,-0.73429567,-0.63429564,-1.4742956,-1.9142957,-1.8742957,-0.75429565,-6.5342956,-2.0042956,-2.6742957,-2.4542956,-2.0742958,-1.2042956,-0.31429565,-0.57429564,0.18570435,-0.5342957,-2.4042957,-3.2342956,-3.7742956,-2.4542956,1.3557043,4.9857044,6.4057045,6.8657045,6.225704,6.5757046,5.8657045,5.1257043,5.705704,5.9657044,5.3457046,4.5757046,3.8557043,3.2157044,2.0357044,1.0657043
0.43570435,-0.98429567,-1.1542957,-0.14429565,1.4557043,1.3257043,1.1057043,0.7157043,-0.074295655,-0.25429565,-1.3242956,-2.7442956,-3.7642956,-2.7442956,-3.6542957,-2.4942956,2.3557043,1.0557044,0.25570434,-0.64429563,-1.9642956,-1.6742957,-1.8942957,-1.6442957,-1.2842957,-0.63429564,-0.48429567,-1.2042956,-1.7442956,0.055704344,0.93570435,0.08570435,0.23570435,0.5357044,-0.31429565,-0.004295654,-2.1942956,-2.6342957,-2.1042957,-0.67429566,0.11570434,-1.7342956,-0.47429565,0.67570436,2.9257042,2.6957045,3.2857044,6.8957043,6.2757044,6.6157045,6.5757046,6.745704,5.5657043,4.495704,4.205704,4.685704,3.9757044,2.5757043
1.8457043,1.3957044,-0.09429565,0.41570434,1.9157044,1.2557044,0.95570433,1.7657044,0.42570436,-1.0042957,-2.0942957,-3.4842956,-4.484296,-4.814296,0.86570436,2.7157044,1.7357043,0.025704347,-0.83429563,-1.6142956,-1.7842957,-1.4642956,-1.2042956,-1.0342957,-0.7842957,-0.41429564,-0.14429565,-0.27429566,-0.12429565,0.46570435,-0.88429564,-0.74429566,-0.5342957,-1.8342956,-0.48429567,-0.41429564,0.32570434,0.24570435,0.47570434,0.32570434,0.105704345,-0.7142956,0.22570434,1.6757044,2.8357043,3.8357043,5.6457043,8.965704,8.9057045,8.075705,5.2157044,6.015704,7.0757046,8.065704,7.495704,5.4457045,4.2557044,3.9957044
2.9457045,2.9657044,2.6957045,2.5357044,2.4457045,2.7057045,2.9857044,2.5157044,1.6057043,-0.13429566,-1.8742957,-2.6742957,-0.58429563,1.6357044,2.3557043,1.3157043,-0.004295654,-1.1542957,-1.1542957,-1.0842956,-1.0542957,-1.6442957,-1.2642957,-1.7842957,-1.3942957,-1.0042957,-0.35429564,0.015704345,0.23570435,0.045704346,0.015704345,-0.50429565,0.19570434,0.32570434,0.13570434,-0.62429565,-1.4642956,-1.2242956,-0.55429566,0.55570436,1.6757044,2.4557045,2.3557043,3.3157043,4.5857043,3.9157043,4.3157043,4.9457045,4.8357043,4.8157043,4.0957046,4.265704,4.765704,4.8457046,4.265704,3.8157043,3.7857044,4.205704
