tmp/wind-global.json
{"header": { "discipline": 0, "disciplineName": "Meteorological products", "gribEdition": 2, "gribLength": 77872, "center": 7, "centerName": "US National Weather Service - NCEP(WMC)", "subcenter": 0, "refTime": "2020-10-20T00:00:00.000Z", "significanceOfRT": 1, "significanceOfRTName": "Start of forecast", "productStatus": 0, "productStatusName": "Operational products", "productType": 1, "productTypeName": "Forecast products", "productDefinitionTemplate": 0, "productDefinitionTemplateName": "Analysis/forecast at horizontal level/layer at a point in time", "parameterCategory": 2, "parameterCategoryName": "Momentum", "parameterNumber": 3, "parameterNumberName": "V-component_of_wind", "parameterUnit": "m.s-1", "genProcessType": 2, "genProcessTypeName": "Forecast", "forecastTime": 0, "surface1Type": 103, "surface1TypeName": "Specified height level above ground", "surface1Value": 10.0, "surface2Type": 255, "surface2TypeName": "Missing", "surface2Value": 0.0, "gridDefinitionTemplate": 0, "gridDefinitionTemplateName": "Latitude_Longitude", "numberPoints": 65160, "shape": 6, "shapeName": "Earth spherical with radius of 6,371,229.0 m", "gridUnits": "degrees", "resolution": 48, "winds": "true", "scanMode": 0, "nx": 360, "ny": 181, "basicAngle": 0, "lo1": 0.0, "la1": 90.0, "lo2": 359.0, "la2": -90.0, "dx": 1.0, "dy": 1.0 }, "data":
[rows 26 to 51 of 181, columns 174 to 231 of 360]
4.036409,-0.07359131,2.9064088,4.6064086,3.6964087,6.6264086,7.596409,7.3964086,6.3564086,5.156409,4.4964085,4.516409,2.1764088,1.4464087,1.4564087,0.84640867,-0.113591306,-1.1035913,-3.9635913,-6.3535914,0.036408693,1.9964087,2.0564086,0.65640867,0.5664087,1.1864086,0.2564087,0.65640867,0.5164087,0.5864087,0.16640869,0.066408694,0.4364087,1.2964087,1.4764087,1.8564087,0.3864087,0.2764087,0.3164087,-1.1335913,-0.8335913,-0.53359133,-0.2835913,-0.2735913,0.45640868,-0.04359131,0.39640868,-0.1835913,0.3164087,-0.023591308,0.1864087,-0.08359131,0.3664087,0.4664087,-0.4035913,-0.08359131,0.3164087,0.14640869
2.0264087,1.1564087,1.9764087,2.5964086,2.6064086,2.7064087,8.106409,7.2364087,6.2264085,5.2064085,4.2464085,2.8264086,3.6164086,2.6764088,1.5864087,0.5564087,-0.6835913,-2.4535913,-2.9335914,-5.633591,-5.2835913,2.7464087,2.4064088,1.2964087,0.026408691,0.29640868,-0.26359132,-0.6635913,0.9864087,0.016408691,0.84640867,0.5064087,0.39640868,0.4964087,-0.06359131,-2.4135914,-0.4435913,-0.6435913,-0.35359132,-1.2835913,-0.5835913,-0.32359132,0.2764087,-0.3635913,-0.5135913,0.21640868,-0.22359131,-0.5235913,-0.71359134,-0.033591308,0.2764087,0.9364087,-0.32359132,-0.26359132,-0.29359132,-0.48359132,-0.013591308,0.3064087
1.8364087,4.4964085,7.826409,8.856409,8.606409,8.526409,8.536408,7.8964086,6.926409,5.3564086,4.1064086,2.8064086,4.2364087,2.4664087,1.7064087,-0.32359132,-1.7835913,-3.2735913,-4.9335914,-6.233591,-7.5135913,-1.6535913,1.8764087,-0.2135913,-0.65359133,-1.1135913,-0.96359134,-0.84359133,0.016408691,-0.16359131,-0.08359131,-0.32359132,-0.1535913,-0.5135913,0.6464087,0.6764087,0.22640869,-0.6035913,-0.07359131,-0.7035913,-1.1135913,-1.2735913,-1.7935913,-1.3735913,-0.12359131,-0.033591308,-1.4535913,-0.22359131,-0.8835913,-0.4335913,-0.3035913,-0.013591308,0.9864087,-0.5535913,-0.19359131,-0.45359132,-0.4735913,0.04640869
9.596409,8.766409,8.046409,7.5264087,7.6264086,7.5464087,9.346409,9.276409,7.7164087,6.4364085,4.9564085,3.6364088,3.2864087,3.2664087,2.6064086,1.0264087,-0.9235913,-2.6235914,-4.2235913,-5.323591,-6.2035913,-5.093591,-4.1235914,-2.1635914,-1.8835913,0.7964087,1.5964087,0.9464087,0.5064087,-0.6235913,-0.5235913,-0.35359132,-0.04359131,-1.2435913,1.4064087,-0.6135913,-1.5335913,-0.3335913,-0.7535913,-0.12359131,-1.8835913,-2.1035912,-1.8135914,-1.0635914,-0.6435913,0.3364087,0.21640868,-1.2635913,-0.07359131,1.1664087,1.1564087,0.2364087,-0.3935913,-0.22359131,0.2564087,-0.6435913,0.13640869,-0.8335913
8.856409,9.486408,7.616409,9.406408,8.876409,7.826409,7.2764087,7.656409,6.926409,7.676409,6.2164087,4.7564087,3.3564086,2.8264086,2.4264088,1.5864087,1.7364087,-1.2935913,-2.9135914,-3.8035913,-4.4535913,-5.5835915,-4.8135915,-3.0135913,-2.2535913,-0.08359131,1.2764087,0.8364087,0.21640868,-1.3035913,-0.08359131,-0.9535913,-1.1635913,-0.053591307,-1.1235913,-1.0535913,-2.7635913,-2.3935914,-2.1235914,-2.5335913,-1.9435914,-1.4935913,-1.0535913,-0.6235913,0.19640869,-1.3235914,-0.7235913,-0.7335913,-0.2535913,1.4764087,1.7864087,2.3864088,1.2664087,0.13640869,0.5764087,0.71640867,-0.19359131,-0.96359134
10.006409,10.186409,9.826408,9.496408,9.306409,8.566409,7.9364085,7.076409,7.1864085,5.556409,7.0264087,6.4764085,4.2264085,2.5364087,3.0964086,2.4664087,0.9564087,0.24640869,-1.6035913,-2.8335912,-3.9335914,-4.133591,-4.713591,-4.983591,-5.093591,-4.8335915,-4.0835915,-1.5435913,-0.26359132,0.016408691,1.6364087,1.1464087,-0.053591307,-4.5635915,-5.093591,-4.463591,-2.8635912,-1.8635913,-2.8135912,-1.9535913,-2.0435913,-3.8535912,-3.4935913,-2.9335914,-0.07359131,0.26640868,2.0564086,0.9864087,2.8164086,0.42640868,0.9964087,1.8664087,2.2964087,1.3464087,0.6164087,-0.3135913,0.6364087,0.6664087
10.576408,9.736408,9.936409,9.386409,9.386409,7.8364086,7.4164085,7.3364086,6.7364087,6.9664087,6.656409,6.0864086,3.4964087,2.9164088,3.4164088,1.6864086,1.8464087,-0.6435913,0.056408692,-1.8535913,-2.9235914,-3.6635914,-4.5035915,-4.9935913,-6.0135913,-5.823591,-5.343591,-5.0135913,-2.5335913,-1.3535913,-2.5035913,-1.0835913,1.1464087,1.4764087,-1.3735913,-3.5935912,-5.0335913,-4.5835915,-3.5235913,-1.0035913,-0.7035913,-1.4835913,-1.7635913,-1.3935913,-1.1335913,-0.9435913,-0.45359132,-0.06359131,-0.14359131,2.8464086,2.4764087,2.1064086,2.3864088,1.1964087,0.48640868,-0.053591307,-0.3035913,0.53640866
10.446408,9.586409,9.236408,8.676409,8.746408,7.906409,7.616409,7.1064086,7.016409,6.806409,6.2464085,5.1964087,4.116409,3.3564086,2.2664087,0.4064087,0.71640867,-0.7535913,-2.3035913,-1.3535913,-3.0435913,-3.7035913,-3.9535913,-3.7835913,-3.6035912,-3.1035912,-2.4435914,-1.8435913,-2.9435914,-4.863591,-0.2835913,0.07640869,-3.0935912,-1.4735913,-1.3435913,-4.093591,-5.8735914,-4.7235913,-2.6735914,-0.5835913,-0.2035913,-0.8035913,-1.5435913,-2.2435913,-1.5535913,-1.7735913,0.6464087,-0.2035913,-1.3235914,-0.5235913,2.4964087,0.8864087,1.0464087,0.10640869,1.5964087,1.4464087,1.5664086,1.9564087
9.326408,8.816409,8.866408,8.066409,7.866409,7.136409,6.676409,6.3964086,6.1464086,5.5664086,4.6964087,3.8164086,2.8764086,2.4064088,1.1164087,-0.16359131,-0.6735913,-2.1135912,-2.8735914,-2.4335914,-3.3135912,-4.1035914,-4.0035915,-3.7935913,-3.4435914,-2.8335912,-2.4635913,-1.5335913,-0.4635913,-0.5835913,-2.3735914,-4.7635913,-5.2235913,-4.7035913,-6.2435913,-5.1435914,-2.8435912,-0.7335913,-0.14359131,0.8564087,1.2664087,0.71640867,-0.3735913,-0.6035913,-0.6035913,-1.0435913,-0.48359132,-0.5535913,-2.4935913,-1.9335914,1.0164087,-0.2335913,-1.2935913,0.2364087,-1.8435913,-0.2735913,2.2664087,1.4364086
8.616408,8.296409,7.926409,7.3764086,6.6864085,5.8164086,5.6864085,5.5064087,5.0864086,3.7964087,3.2764087,3.9864087,3.1664088,1.7264087,0.7464087,-0.6135913,-0.90359133,-2.0535913,-1.9835913,-2.2935913,-2.1835914,-2.1435914,-1.4235913,-4.9535913,-3.2435913,-1.8235914,-1.6535913,-2.4835913,-3.1535914,-3.6735914,-0.4735913,-5.6435914,-6.5335913,-5.863591,-5.213591,-4.0835915,-3.6635914,-2.5535913,-1.5035913,0.48640868,1.1964087,0.96640867,0.10640869,-0.3035913,-0.07359131,-0.8635913,-1.1135913,-1.5635914,-1.9535913,-2.5635912,-0.6135913,-1.2835913,-2.9535913,-2.8835914,-0.78359133,1.1064087,2.7964087,0.6264087
7.7364087,7.5864086,7.3164086,6.9364085,4.9864087,5.7164087,5.616409,5.4864087,4.676409,3.5864086,4.1064086,3.5964086,2.8364086,1.8964087,0.8964087,-0.65359133,-1.3835913,-2.2735913,-3.1435914,-1.5735914,-2.5935912,-4.4535913,-2.5635912,-3.3335912,-4.8135915,-2.1535914,-2.0735912,-2.7335913,-3.1735914,-4.943591,-4.903591,-4.6635914,-4.863591,-4.1035914,-3.6535914,-3.2935913,-3.0035913,-1.0335913,0.26640868,1.1664087,0.5464087,-0.2835913,0.036408693,-0.4935913,-0.22359131,-0.9435913,-1.4635913,-1.8835913,-2.1235914,-2.5935912,-2.0635912,-2.0935912,-3.2335913,-3.0935912,-2.5035913,-3.1235914,-0.3635913,1.4364086
7.7464085,7.116409,6.2364087,5.4964085,5.6464086,5.786409,5.5064087,5.2764087,4.2764087,3.7064087,4.016409,3.2164087,2.4264088,1.6364087,0.9364087,-0.5535913,-1.9735913,-3.5135913,-1.5135913,-3.2035913,-1.3235914,-3.4135914,-5.3535914,-4.713591,-4.213591,-3.9435914,-3.1935914,-4.9135914,-5.323591,-5.383591,-5.4935913,-5.0635915,-3.6735914,-2.5935912,-2.4635913,-1.8335913,-0.7335913,-0.6235913,0.16640869,-1.3535913,-1.1835914,-0.7535913,-1.1235913,-1.3535913,-1.4035913,-2.0735912,-2.2235913,-2.3335912,-2.9535913,-3.3535912,-3.4535913,-3.3235912,-3.2035913,-4.343591,0.22640869,-3.0335913,-2.0635912,0.32640868
5.366409,4.136409,5.0664086,2.7064087,5.6064086,4.9964085,4.8964086,4.4764085,1.5764087,1.8164086,1.1864086,1.6864086,1.1564087,0.24640869,-0.8635913,-1.7035913,-2.8335912,-4.0535913,-2.3435912,-3.9535913,-5.2035913,-2.1835914,-3.2235913,-4.5635915,-4.7035913,-4.8335915,-4.633591,-4.4735913,-3.2935913,-3.3635912,-3.1535914,-3.4235914,-1.7935913,-0.4035913,-0.59359133,-1.4835913,-2.0235913,-2.7435913,-3.1835914,-3.2635913,-3.2035913,-3.4535913,-2.3535912,-2.7035913,-3.5635912,-3.8835914,-3.7935913,-3.8535912,-4.193591,-4.5235915,-4.5135913,-4.923591,-5.1435914,-4.7835913,-4.4135914,-1.8735913,-0.96359134,-1.1835914
3.3064086,4.556409,6.2964087,5.1464086,5.326409,4.3964086,3.6964087,3.1164086,2.0564086,1.3964087,1.7364087,0.78640866,1.2664087,-0.2035913,-1.5135913,-2.5835912,-3.5635912,-4.0035915,-4.2735915,-3.6935914,-4.2235913,-4.0835915,-3.8135912,-3.5135913,-3.5335913,-3.3835914,-3.2535913,-3.1435914,-2.0835912,-0.7935913,-1.0535913,-2.0935912,-2.7435913,-2.7435913,-3.0735912,-3.1835914,-3.4635913,-4.383591,-3.7835913,-3.2335913,-2.2635913,-2.8035913,-3.7035913,-3.7735913,-3.9035914,-4.093591,-4.8535914,-4.593591,-4.193591,-3.5735912,-4.0835915,-4.673591,-4.6235914,-3.7835913,-1.9235913,-2.6535914,-3.8135912,-3.1435914
3.3864088,6.016409,5.1464086,4.826409,4.636409,4.7064085,4.1664085,2.4964087,1.4464087,0.7664087,0.32640868,-0.053591307,-0.5635913,-1.2535913,-2.1735914,-3.0235913,-3.5935912,-3.8335912,-4.2835913,-3.8335912,-3.0835912,-3.1635914,-3.1335914,-3.3435912,-2.2035913,-1.1435913,-2.0635912,-2.9535913,-3.6335914,-3.4235914,-3.5935912,-4.3335915,-4.0135913,-3.5635912,-4.213591,-4.0235915,-4.0135913,-3.8535912,-3.0535913,-3.3335912,-3.8635912,-3.2635913,-3.4635913,-4.133591,-3.8435912,-3.8135912,-3.7135913,-3.5035913,-3.3435912,-3.9735913,-4.363591,-5.113591,-2.9835913,-2.2435913,-0.8735913,-3.4635913,-3.8335912,-4.213591
4.7464085,4.4964085,4.1064086,4.136409,5.866409,4.286409,2.7864087,1.3864087,0.3864087,-0.2535913,-0.3835913,-0.8935913,-1.0835913,-1.2335913,-2.0835912,-2.6435914,-3.1635914,-3.4735913,-3.1835914,-3.2635913,-3.2435913,-2.8135912,-2.6935914,-2.8935914,-2.8035913,-3.0935912,-3.0735912,-3.8735914,-4.6235914,-4.383591,-4.2235913,-3.4235914,-3.6435914,-4.113591,-3.4535913,-4.0435915,-3.0835912,-3.1435914,-2.7835913,-4.4335914,-3.5635912,-4.4935913,-4.943591,-4.943591,-3.0735912,-2.8235912,-3.5035913,-3.2735913,-2.6935914,-2.8735914,-3.4535913,-3.5035913,-3.1535914,-2.0735912,-1.3835913,-1.5535913,-2.6135912,-3.3735914
2.9964087,3.0264087,4.176409,4.056409,4.2364087,2.3364086,1.4464087,0.4764087,-0.7935913,-1.2235913,-1.4135913,-2.0435913,-2.3635912,-2.5335913,-2.9535913,-2.8435912,-3.5935912,-3.7635913,-3.4435914,-3.7535913,-4.133591,-4.843591,-4.233591,-4.0335913,-3.3635912,-4.423591,-4.423591,-4.733591,-4.463591,-4.0235915,-5.0335913,-5.423591,-5.7635913,-5.153591,-4.8535914,-4.8335915,-5.0335913,-3.7435913,-4.923591,-3.4635913,-3.6235914,-3.8735914,-3.0635912,-2.4235914,-3.4835913,-3.4335914,-3.1935914,-2.2735913,-2.7635913,-4.2635913,-3.8935914,-2.3835914,-2.5235913,-0.90359133,-0.65359133,-1.6435913,-2.8435912,-3.1535914
3.7364087,2.8164086,2.2064087,3.9064088,2.4264088,1.2464087,0.4764087,0.11640869,0.1264087,-0.5735913,-1.1535913,-2.2835913,-3.3235912,-3.5435913,-3.8735914,-4.1635914,-4.073591,-5.233591,-3.8235912,-3.6535914,-1.9535913,-3.1435914,-3.6535914,-4.173591,-5.653591,-5.7235913,-6.0535913,-6.823591,-6.2635913,-6.3135915,-5.653591,-4.6035914,-5.093591,-3.8335912,-3.4835913,-3.9635913,-4.173591,-4.823591,-3.6835914,-3.1735914,-2.0235913,-1.6635913,-0.48359132,0.29640868,0.9864087,1.0864087,0.6364087,0.7064087,-0.09359131,-1.1335913,-1.9035913,-2.7735913,-2.9335914,-0.29359132,-0.013591308,-1.2535913,-2.3335912,-2.3135912
4.5264087,4.156409,2.5964086,1.8264087,0.2864087,-0.2135913,-0.8835913,-0.1835913,-0.4335913,-1.7235913,-2.7435913,-3.5635912,-4.323591,-4.7935915,-5.3935914,-6.0235915,-6.2535915,-4.2435913,-4.8135915,-5.0135913,-5.4935913,-4.8935914,-5.733591,-6.193591,-6.3335915,-5.8535914,-6.3335915,-5.7535915,-5.9135914,-5.6835914,-3.7335913,-3.5935912,-2.8935914,-3.3335912,-1.3735913,1.9064087,2.9064088,4.0664086,4.3964086,4.426409,3.8564086,3.9064088,3.4364088,2.7464087,2.6664088,2.3964088,1.6764086,0.7364087,-0.5835913,-1.0135913,-0.7535913,-0.0035913086,0.6664087,-0.2835913,4.6864085,2.5064087,-0.5735913,-2.6935914
4.2764087,2.9564087,1.8764087,0.42640868,-0.6435913,-1.2035913,-1.8035913,-1.6935914,-1.6035913,-2.2535913,-3.0735912,-4.323591,-5.3335915,-5.883591,-7.443591,-7.0335913,-5.863591,-6.633591,-6.983591,-6.653591,-6.733591,-6.9735913,-5.7935915,-5.8335915,-5.9335914,-5.8135915,-4.653591,-3.8135912,-3.0435913,-0.6935913,1.5164087,2.2964087,3.2264087,4.366409,4.826409,4.4164085,4.926409,5.2564087,5.8364086,5.4164085,4.366409,4.4564085,4.3764086,3.5864086,2.4764087,2.0164087,0.9264087,0.2064087,-1.0935913,-0.84359133,-0.7935913,-0.78359133,-1.6135913,-1.8435913,2.0364087,1.6664087,-0.6635913,-2.8835914
4.7064085,2.5364087,0.1564087,-0.8735913,-2.2835913,-2.5835912,-2.5835912,-2.8135912,-3.4735913,-4.5135913,-5.4935913,-6.6435914,-6.8935914,-7.5835915,-8.343592,-7.4935913,-6.0335913,-6.6635914,-6.8035913,-7.6635914,-6.403591,-5.4935913,-6.1235914,-5.3935914,-4.923591,-0.78359133,3.0964086,3.1964087,2.7564087,3.7264087,3.8964088,4.676409,5.9164085,6.7364087,6.2064085,6.1864085,6.1264086,5.036409,5.0664086,3.9664087,3.3064086,3.3664086,2.4664087,2.9064088,2.1664088,2.4864087,1.0964087,-0.08359131,-1.0935913,-1.8935913,-2.2635913,-1.7135913,-1.1935914,-1.0135913,-0.033591308,-1.3235914,-2.9235914,-3.8035913
3.8964088,2.0364087,0.5164087,-1.6135913,-2.1835914,-4.1035914,-4.943591,-4.1635914,-5.0835915,-6.0235915,-6.843591,-7.7835913,-8.143591,-7.3035913,-7.5335913,-6.3135915,-6.343591,-6.943591,-6.8135915,-6.2435913,-5.8535914,-4.6635914,-5.193591,-1.9135913,2.4164088,2.6564088,2.3864088,3.1564088,3.9764087,4.366409,5.2764087,5.886409,7.9164085,7.056409,6.576409,5.8164086,6.346409,4.2464085,4.9864087,3.2764087,2.9464087,3.3064086,3.0464087,2.3364086,0.8364087,0.4764087,-0.48359132,-1.9935913,-2.5035913,-2.8835914,-3.7635913,-2.9935913,-3.7535913,-0.7335913,-1.9335914,-3.3835914,-4.9535913,-5.5135913
4.926409,2.8564086,0.2564087,-1.6435913,-3.2435913,-4.5835915,-4.733591,-3.5735912,-4.7735915,-5.613591,-5.9535913,-5.5635915,-6.9535913,-6.733591,-7.1235914,-7.613591,-6.7535915,-5.843591,-6.2035913,-5.3135915,-3.8035913,-3.5335913,-0.22359131,1.9564087,2.3464086,4.4864087,5.5864086,5.2964087,5.4764085,5.2764087,6.9964085,7.0264087,7.4464087,7.1964087,7.1264086,6.6464086,5.7164087,4.116409,3.6064086,3.2164087,2.7264087,2.6664088,2.7664087,1.1864086,2.1064086,0.11640869,-1.4135913,-2.0435913,-2.6635914,-3.8335912,-5.343591,-5.923591,-5.7835913,-2.7435913,-4.2735915,-4.4735913,-5.3535914,-6.923591
4.076409,1.9964087,0.1264087,-2.4335914,-4.653591,-6.6635914,-5.0335913,-4.5135913,-4.2535915,-4.983591,-5.5435915,-3.9735913,-5.403591,-7.0535913,-7.6635914,-6.5435915,-5.573591,-5.9135914,-4.7735915,-2.8635912,-1.0135913,0.6864087,1.2064087,1.3164086,4.4464087,6.5664086,5.6964087,5.6264086,6.3164086,5.9864087,6.8364086,7.536409,7.386409,7.286409,5.7764087,5.3164086,4.2764087,4.056409,4.176409,3.6264086,3.3264086,3.6264086,2.9064088,2.1364088,1.2364087,-0.9235913,-2.4435914,-2.8835914,-3.4835913,-5.3335915,-5.573591,-5.193591,-5.193591,-4.8135915,-5.213591,-5.573591,-7.0335913,-8.433591
4.4164085,2.8364086,0.5664087,-1.9735913,-3.6535914,-5.693591,-6.073591,-6.0035915,-5.213591,-4.883591,-4.483591,-4.9735913,-6.4335914,-7.0535913,-7.363591,-6.613591,-5.963591,-5.6635914,-3.7535913,-2.9835913,-0.45359132,0.14640869,4.326409,6.676409,3.8464086,3.2664087,2.9464087,5.656409,6.6664085,6.3364086,7.036409,7.826409,7.0864086,5.786409,5.1264086,4.9164085,4.7364087,4.1664085,4.1264086,3.7664087,4.116409,3.9364088,3.0364087,2.1064086,0.4064087,-0.8735913,-1.9435914,-1.8235914,-5.1035914,-3.9235914,-3.6435914,-4.2535915,-5.7835913,-5.823591,-6.0435915,-6.883591,-8.493591,-9.513592
4.136409,2.1764088,0.6364087,-0.9835913,-2.9335914,-5.5235915,-7.713591,-8.063591,-5.9735913,-4.843591,-2.7435913,-2.9835913,-5.0535913,-6.2635913,-7.2835913,-6.713591,-6.423591,-5.3935914,-4.463591,-1.4235913,-0.9435913,3.1964087,5.4664087,4.8364086,6.1964087,6.2564087,9.066409,7.266409,6.5464087,6.576409,7.5864086,7.2264085,5.7164087,5.3764086,5.1064086,5.8564086,5.2364087,4.9964085,4.5664086,4.016409,3.4464087,3.0564086,2.6464088,1.8064086,0.3064087,-0.8835913,-1.7335913,-1.3635913,-4.863591,-2.6835914,-3.7035913,-4.5135913,-5.923591,-6.573591,-6.5535913,-7.6435914,-8.493591,-9.443591
